# C5rt(C8)-phi[1] n=40 involutions=1
0 7 6 5 4 3 2 1 32 39 38 37 36 35 34 33 24 31 30 29 28 27 26 25 16 23 22 21 20 19 18 17 8 15 14 13 12 11 10 9
0 1 2 3 4 5 6 7 8 9 10 11 12 13 14 15 16 17 18 19 20 21 22 23 24 25 26 27 28 29 30 31 32 33 34 35 36 37 38 39
1 2 3 4 5 6 7 0 9 10 11 12 13 14 15 8 17 18 19 20 21 22 23 16 25 26 27 28 29 30 31 24 33 34 35 36 37 38 39 32
2 3 4 5 6 7 0 1 10 11 12 13 14 15 8 9 18 19 20 21 22 23 16 17 26 27 28 29 30 31 24 25 34 35 36 37 38 39 32 33
3 4 5 6 7 0 1 2 11 12 13 14 15 8 9 10 19 20 21 22 23 16 17 18 27 28 29 30 31 24 25 26 35 36 37 38 39 32 33 34
4 5 6 7 0 1 2 3 12 13 14 15 8 9 10 11 20 21 22 23 16 17 18 19 28 29 30 31 24 25 26 27 36 37 38 39 32 33 34 35
5 6 7 0 1 2 3 4 13 14 15 8 9 10 11 12 21 22 23 16 17 18 19 20 29 30 31 24 25 26 27 28 37 38 39 32 33 34 35 36
6 7 0 1 2 3 4 5 14 15 8 9 10 11 12 13 22 23 16 17 18 19 20 21 30 31 24 25 26 27 28 29 38 39 32 33 34 35 36 37
7 0 1 2 3 4 5 6 15 8 9 10 11 12 13 14 23 16 17 18 19 20 21 22 31 24 25 26 27 28 29 30 39 32 33 34 35 36 37 38
8 9 10 11 12 13 14 15 16 17 18 19 20 21 22 23 24 25 26 27 28 29 30 31 32 33 34 35 36 37 38 39 0 1 2 3 4 5 6 7
9 10 11 12 13 14 15 8 17 18 19 20 21 22 23 16 25 26 27 28 29 30 31 24 33 34 35 36 37 38 39 32 1 2 3 4 5 6 7 0
10 11 12 13 14 15 8 9 18 19 20 21 22 23 16 17 26 27 28 29 30 31 24 25 34 35 36 37 38 39 32 33 2 3 4 5 6 7 0 1
11 12 13 14 15 8 9 10 19 20 21 22 23 16 17 18 27 28 29 30 31 24 25 26 35 36 37 38 39 32 33 34 3 4 5 6 7 0 1 2
12 13 14 15 8 9 10 11 20 21 22 23 16 17 18 19 28 29 30 31 24 25 26 27 36 37 38 39 32 33 34 35 4 5 6 7 0 1 2 3
13 14 15 8 9 10 11 12 21 22 23 16 17 18 19 20 29 30 31 24 25 26 27 28 37 38 39 32 33 34 35 36 5 6 7 0 1 2 3 4
14 15 8 9 10 11 12 13 22 23 16 17 18 19 20 21 30 31 24 25 26 27 28 29 38 39 32 33 34 35 36 37 6 7 0 1 2 3 4 5
15 8 9 10 11 12 13 14 23 16 17 18 19 20 21 22 31 24 25 26 27 28 29 30 39 32 33 34 35 36 37 38 7 0 1 2 3 4 5 6
16 17 18 19 20 21 22 23 24 25 26 27 28 29 30 31 32 33 34 35 36 37 38 39 0 1 2 3 4 5 6 7 8 9 10 11 12 13 14 15
17 18 19 20 21 22 23 16 25 26 27 28 29 30 31 24 33 34 35 36 37 38 39 32 1 2 3 4 5 6 7 0 9 10 11 12 13 14 15 8
18 19 20 21 22 23 16 17 26 27 28 29 30 31 24 25 34 35 36 37 38 39 32 33 2 3 4 5 6 7 0 1 10 11 12 13 14 15 8 9
19 20 21 22 23 16 17 18 27 28 29 30 31 24 25 26 35 36 37 38 39 32 33 34 3 4 5 6 7 0 1 2 11 12 13 14 15 8 9 10
20 21 22 23 16 17 18 19 28 29 30 31 24 25 26 27 36 37 38 39 32 33 34 35 4 5 6 7 0 1 2 3 12 13 14 15 8 9 10 11
21 22 23 16 17 18 19 20 29 30 31 24 25 26 27 28 37 38 39 32 33 34 35 36 5 6 7 0 1 2 3 4 13 14 15 8 9 10 11 12
22 23 16 17 18 19 20 21 30 31 24 25 26 27 28 29 38 39 32 33 34 35 36 37 6 7 0 1 2 3 4 5 14 15 8 9 10 11 12 13
23 16 17 18 19 20 21 22 31 24 25 26 27 28 29 30 39 32 33 34 35 36 37 38 7 0 1 2 3 4 5 6 15 8 9 10 11 12 13 14
24 25 26 27 28 29 30 31 32 33 34 35 36 37 38 39 0 1 2 3 4 5 6 7 8 9 10 11 12 13 14 15 16 17 18 19 20 21 22 23
25 26 27 28 29 30 31 24 33 34 35 36 37 38 39 32 1 2 3 4 5 6 7 0 9 10 11 12 13 14 15 8 17 18 19 20 21 22 23 16
26 27 28 29 30 31 24 25 34 35 36 37 38 39 32 33 2 3 4 5 6 7 0 1 10 11 12 13 14 15 8 9 18 19 20 21 22 23 16 17
27 28 29 30 31 24 25 26 35 36 37 38 39 32 33 34 3 4 5 6 7 0 1 2 11 12 13 14 15 8 9 10 19 20 21 22 23 16 17 18
28 29 30 31 24 25 26 27 36 37 38 39 32 33 34 35 4 5 6 7 0 1 2 3 12 13 14 15 8 9 10 11 20 21 22 23 16 17 18 19
29 30 31 24 25 26 27 28 37 38 39 32 33 34 35 36 5 6 7 0 1 2 3 4 13 14 15 8 9 10 11 12 21 22 23 16 17 18 19 20
30 31 24 25 26 27 28 29 38 39 32 33 34 35 36 37 6 7 0 1 2 3 4 5 14 15 8 9 10 11 12 13 22 23 16 17 18 19 20 21
31 24 25 26 27 28 29 30 39 32 33 34 35 36 37 38 7 0 1 2 3 4 5 6 15 8 9 10 11 12 13 14 23 16 17 18 19 20 21 22
32 33 34 35 36 37 38 39 0 1 2 3 4 5 6 7 8 9 10 11 12 13 14 15 16 17 18 19 20 21 22 23 24 25 26 27 28 29 30 31
33 34 35 36 37 38 39 32 1 2 3 4 5 6 7 0 9 10 11 12 13 14 15 8 17 18 19 20 21 22 23 16 25 26 27 28 29 30 31 24
34 35 36 37 38 39 32 33 2 3 4 5 6 7 0 1 10 11 12 13 14 15 8 9 18 19 20 21 22 23 16 17 26 27 28 29 30 31 24 25
35 36 37 38 39 32 33 34 3 4 5 6 7 0 1 2 11 12 13 14 15 8 9 10 19 20 21 22 23 16 17 18 27 28 29 30 31 24 25 26
36 37 38 39 32 33 34 35 4 5 6 7 0 1 2 3 12 13 14 15 8 9 10 11 20 21 22 23 16 17 18 19 28 29 30 31 24 25 26 27
37 38 39 32 33 34 35 36 5 6 7 0 1 2 3 4 13 14 15 8 9 10 11 12 21 22 23 16 17 18 19 20 29 30 31 24 25 26 27 28
38 39 32 33 34 35 36 37 6 7 0 1 2 3 4 5 14 15 8 9 10 11 12 13 22 23 16 17 18 19 20 21 30 31 24 25 26 27 28 29
39 32 33 34 35 36 37 38 7 0 1 2 3 4 5 6 15 8 9 10 11 12 13 14 23 16 17 18 19 20 21 22 31 24 25 26 27 28 29 30
# C5rt(C8)-phi[1, 2, 3, 4] n=40 involutions=1
0 7 6 5 4 3 2 1 32 23 14 29 36 19 10 25 24 39 22 13 28 35 18 9 16 15 30 37 20 11 26 33 8 31 38 21 12 27 34 17
0 1 2 3 4 5 6 7 8 9 10 11 12 13 14 15 16 17 18 19 20 21 22 23 24 25 26 27 28 29 30 31 32 33 34 35 36 37 38 39
1 2 3 4 5 6 7 0 17 18 19 20 21 22 23 16 33 34 35 36 37 38 39 32 9 10 11 12 13 14 15 8 25 26 27 28 29 30 31 24
2 3 4 5 6 7 0 1 34 35 36 37 38 39 32 33 26 27 28 29 30 31 24 25 18 19 20 21 22 23 16 17 10 11 12 13 14 15 8 9
3 4 5 6 7 0 1 2 27 28 29 30 31 24 25 26 11 12 13 14 15 8 9 10 35 36 37 38 39 32 33 34 19 20 21 22 23 16 17 18
4 5 6 7 0 1 2 3 12 13 14 15 8 9 10 11 20 21 22 23 16 17 18 19 28 29 30 31 24 25 26 27 36 37 38 39 32 33 34 35
5 6 7 0 1 2 3 4 21 22 23 16 17 18 19 20 37 38 39 32 33 34 35 36 13 14 15 8 9 10 11 12 29 30 31 24 25 26 27 28
6 7 0 1 2 3 4 5 38 39 32 33 34 35 36 37 30 31 24 25 26 27 28 29 22 23 16 17 18 19 20 21 14 15 8 9 10 11 12 13
7 0 1 2 3 4 5 6 31 24 25 26 27 28 29 30 15 8 9 10 11 12 13 14 39 32 33 34 35 36 37 38 23 16 17 18 19 20 21 22
8 9 10 11 12 13 14 15 16 17 18 19 20 21 22 23 24 25 26 27 28 29 30 31 32 33 34 35 36 37 38 39 0 1 2 3 4 5 6 7
9 10 11 12 13 14 15 8 25 26 27 28 29 30 31 24 1 2 3 4 5 6 7 0 17 18 19 20 21 22 23 16 33 34 35 36 37 38 39 32
10 11 12 13 14 15 8 9 2 3 4 5 6 7 0 1 34 35 36 37 38 39 32 33 26 27 28 29 30 31 24 25 18 19 20 21 22 23 16 17
11 12 13 14 15 8 9 10 35 36 37 38 39 32 33 34 19 20 21 22 23 16 17 18 3 4 5 6 7 0 1 2 27 28 29 30 31 24 25 26
12 13 14 15 8 9 10 11 20 21 22 23 16 17 18 19 28 29 30 31 24 25 26 27 36 37 38 39 32 33 34 35 4 5 6 7 0 1 2 3
13 14 15 8 9 10 11 12 29 30 31 24 25 26 27 28 5 6 7 0 1 2 3 4 21 22 23 16 17 18 19 20 37 38 39 32 33 34 35 36
14 15 8 9 10 11 12 13 6 7 0 1 2 3 4 5 38 39 32 33 34 35 36 37 30 31 24 25 26 27 28 29 22 23 16 17 18 19 20 21
15 8 9 10 11 12 13 14 39 32 33 34 35 36 37 38 23 16 17 18 19 20 21 22 7 0 1 2 3 4 5 6 31 24 25 26 27 28 29 30
16 17 18 19 20 21 22 23 24 25 26 27 28 29 30 31 32 33 34 35 36 37 38 39 0 1 2 3 4 5 6 7 8 9 10 11 12 13 14 15
17 18 19 20 21 22 23 16 33 34 35 36 37 38 39 32 9 10 11 12 13 14 15 8 25 26 27 28 29 30 31 24 1 2 3 4 5 6 7 0
18 19 20 21 22 23 16 17 10 11 12 13 14 15 8 9 2 3 4 5 6 7 0 1 34 35 36 37 38 39 32 33 26 27 28 29 30 31 24 25
19 20 21 22 23 16 17 18 3 4 5 6 7 0 1 2 27 28 29 30 31 24 25 26 11 12 13 14 15 8 9 10 35 36 37 38 39 32 33 34
20 21 22 23 16 17 18 19 28 29 30 31 24 25 26 27 36 37 38 39 32 33 34 35 4 5 6 7 0 1 2 3 12 13 14 15 8 9 10 11
21 22 23 16 17 18 19 20 37 38 39 32 33 34 35 36 13 14 15 8 9 10 11 12 29 30 31 24 25 26 27 28 5 6 7 0 1 2 3 4
22 23 16 17 18 19 20 21 14 15 8 9 10 11 12 13 6 7 0 1 2 3 4 5 38 39 32 33 34 35 36 37 30 31 24 25 26 27 28 29
23 16 17 18 19 20 21 22 7 0 1 2 3 4 5 6 31 24 25 26 27 28 29 30 15 8 9 10 11 12 13 14 39 32 33 34 35 36 37 38
24 25 26 27 28 29 30 31 32 33 34 35 36 37 38 39 0 1 2 3 4 5 6 7 8 9 10 11 12 13 14 15 16 17 18 19 20 21 22 23
25 26 27 28 29 30 31 24 1 2 3 4 5 6 7 0 17 18 19 20 21 22 23 16 33 34 35 36 37 38 39 32 9 10 11 12 13 14 15 8
26 27 28 29 30 31 24 25 18 19 20 21 22 23 16 17 10 11 12 13 14 15 8 9 2 3 4 5 6 7 0 1 34 35 36 37 38 39 32 33
27 28 29 30 31 24 25 26 11 12 13 14 15 8 9 10 35 36 37 38 39 32 33 34 19 20 21 22 23 16 17 18 3 4 5 6 7 0 1 2
28 29 30 31 24 25 26 27 36 37 38 39 32 33 34 35 4 5 6 7 0 1 2 3 12 13 14 15 8 9 10 11 20 21 22 23 16 17 18 19
29 30 31 24 25 26 27 28 5 6 7 0 1 2 3 4 21 22 23 16 17 18 19 20 37 38 39 32 33 34 35 36 13 14 15 8 9 10 11 12
30 31 24 25 26 27 28 29 22 23 16 17 18 19 20 21 14 15 8 9 10 11 12 13 6 7 0 1 2 3 4 5 38 39 32 33 34 35 36 37
31 24 25 26 27 28 29 30 15 8 9 10 11 12 13 14 39 32 33 34 35 36 37 38 23 16 17 18 19 20 21 22 7 0 1 2 3 4 5 6
32 33 34 35 36 37 38 39 0 1 2 3 4 5 6 7 8 9 10 11 12 13 14 15 16 17 18 19 20 21 22 23 24 25 26 27 28 29 30 31
33 34 35 36 37 38 39 32 9 10 11 12 13 14 15 8 25 26 27 28 29 30 31 24 1 2 3 4 5 6 7 0 17 18 19 20 21 22 23 16
34 35 36 37 38 39 32 33 26 27 28 29 30 31 24 25 18 19 20 21 22 23 16 17 10 11 12 13 14 15 8 9 2 3 4 5 6 7 0 1
35 36 37 38 39 32 33 34 19 20 21 22 23 16 17 18 3 4 5 6 7 0 1 2 27 28 29 30 31 24 25 26 11 12 13 14 15 8 9 10
36 37 38 39 32 33 34 35 4 5 6 7 0 1 2 3 12 13 14 15 8 9 10 11 20 21 22 23 16 17 18 19 28 29 30 31 24 25 26 27
37 38 39 32 33 34 35 36 13 14 15 8 9 10 11 12 29 30 31 24 25 26 27 28 5 6 7 0 1 2 3 4 21 22 23 16 17 18 19 20
38 39 32 33 34 35 36 37 30 31 24 25 26 27 28 29 22 23 16 17 18 19 20 21 14 15 8 9 10 11 12 13 6 7 0 1 2 3 4 5
39 32 33 34 35 36 37 38 23 16 17 18 19 20 21 22 7 0 1 2 3 4 5 6 31 24 25 26 27 28 29 30 15 8 9 10 11 12 13 14
# C5rt(C8)-phi[1, 4] n=40 involutions=1
0 7 6 5 4 3 2 1 32 15 38 13 36 11 34 9 24 23 30 21 28 19 26 17 16 31 22 29 20 27 18 25 8 39 14 37 12 35 10 33
0 1 2 3 4 5 6 7 8 9 10 11 12 13 14 15 16 17 18 19 20 21 22 23 24 25 26 27 28 29 30 31 32 33 34 35 36 37 38 39
1 2 3 4 5 6 7 0 33 34 35 36 37 38 39 32 25 26 27 28 29 30 31 24 17 18 19 20 21 22 23 16 9 10 11 12 13 14 15 8
2 3 4 5 6 7 0 1 10 11 12 13 14 15 8 9 18 19 20 21 22 23 16 17 26 27 28 29 30 31 24 25 34 35 36 37 38 39 32 33
3 4 5 6 7 0 1 2 35 36 37 38 39 32 33 34 27 28 29 30 31 24 25 26 19 20 21 22 23 16 17 18 11 12 13 14 15 8 9 10
4 5 6 7 0 1 2 3 12 13 14 15 8 9 10 11 20 21 22 23 16 17 18 19 28 29 30 31 24 25 26 27 36 37 38 39 32 33 34 35
5 6 7 0 1 2 3 4 37 38 39 32 33 34 35 36 29 30 31 24 25 26 27 28 21 22 23 16 17 18 19 20 13 14 15 8 9 10 11 12
6 7 0 1 2 3 4 5 14 15 8 9 10 11 12 13 22 23 16 17 18 19 20 21 30 31 24 25 26 27 28 29 38 39 32 33 34 35 36 37
7 0 1 2 3 4 5 6 39 32 33 34 35 36 37 38 31 24 25 26 27 28 29 30 23 16 17 18 19 20 21 22 15 8 9 10 11 12 13 14
8 9 10 11 12 13 14 15 16 17 18 19 20 21 22 23 24 25 26 27 28 29 30 31 32 33 34 35 36 37 38 39 0 1 2 3 4 5 6 7
9 10 11 12 13 14 15 8 1 2 3 4 5 6 7 0 33 34 35 36 37 38 39 32 25 26 27 28 29 30 31 24 17 18 19 20 21 22 23 16
10 11 12 13 14 15 8 9 18 19 20 21 22 23 16 17 26 27 28 29 30 31 24 25 34 35 36 37 38 39 32 33 2 3 4 5 6 7 0 1
11 12 13 14 15 8 9 10 3 4 5 6 7 0 1 2 35 36 37 38 39 32 33 34 27 28 29 30 31 24 25 26 19 20 21 22 23 16 17 18
12 13 14 15 8 9 10 11 20 21 22 23 16 17 18 19 28 29 30 31 24 25 26 27 36 37 38 39 32 33 34 35 4 5 6 7 0 1 2 3
13 14 15 8 9 10 11 12 5 6 7 0 1 2 3 4 37 38 39 32 33 34 35 36 29 30 31 24 25 26 27 28 21 22 23 16 17 18 19 20
14 15 8 9 10 11 12 13 22 23 16 17 18 19 20 21 30 31 24 25 26 27 28 29 38 39 32 33 34 35 36 37 6 7 0 1 2 3 4 5
15 8 9 10 11 12 13 14 7 0 1 2 3 4 5 6 39 32 33 34 35 36 37 38 31 24 25 26 27 28 29 30 23 16 17 18 19 20 21 22
16 17 18 19 20 21 22 23 24 25 26 27 28 29 30 31 32 33 34 35 36 37 38 39 0 1 2 3 4 5 6 7 8 9 10 11 12 13 14 15
17 18 19 20 21 22 23 16 9 10 11 12 13 14 15 8 1 2 3 4 5 6 7 0 33 34 35 36 37 38 39 32 25 26 27 28 29 30 31 24
18 19 20 21 22 23 16 17 26 27 28 29 30 31 24 25 34 35 36 37 38 39 32 33 2 3 4 5 6 7 0 1 10 11 12 13 14 15 8 9
19 20 21 22 23 16 17 18 11 12 13 14 15 8 9 10 3 4 5 6 7 0 1 2 35 36 37 38 39 32 33 34 27 28 29 30 31 24 25 26
20 21 22 23 16 17 18 19 28 29 30 31 24 25 26 27 36 37 38 39 32 33 34 35 4 5 6 7 0 1 2 3 12 13 14 15 8 9 10 11
21 22 23 16 17 18 19 20 13 14 15 8 9 10 11 12 5 6 7 0 1 2 3 4 37 38 39 32 33 34 35 36 29 30 31 24 25 26 27 28
22 23 16 17 18 19 20 21 30 31 24 25 26 27 28 29 38 39 32 33 34 35 36 37 6 7 0 1 2 3 4 5 14 15 8 9 10 11 12 13
23 16 17 18 19 20 21 22 15 8 9 10 11 12 13 14 7 0 1 2 3 4 5 6 39 32 33 34 35 36 37 38 31 24 25 26 27 28 29 30
24 25 26 27 28 29 30 31 32 33 34 35 36 37 38 39 0 1 2 3 4 5 6 7 8 9 10 11 12 13 14 15 16 17 18 19 20 21 22 23
25 26 27 28 29 30 31 24 17 18 19 20 21 22 23 16 9 10 11 12 13 14 15 8 1 2 3 4 5 6 7 0 33 34 35 36 37 38 39 32
26 27 28 29 30 31 24 25 34 35 36 37 38 39 32 33 2 3 4 5 6 7 0 1 10 11 12 13 14 15 8 9 18 19 20 21 22 23 16 17
27 28 29 30 31 24 25 26 19 20 21 22 23 16 17 18 11 12 13 14 15 8 9 10 3 4 5 6 7 0 1 2 35 36 37 38 39 32 33 34
28 29 30 31 24 25 26 27 36 37 38 39 32 33 34 35 4 5 6 7 0 1 2 3 12 13 14 15 8 9 10 11 20 21 22 23 16 17 18 19
29 30 31 24 25 26 27 28 21 22 23 16 17 18 19 20 13 14 15 8 9 10 11 12 5 6 7 0 1 2 3 4 37 38 39 32 33 34 35 36
30 31 24 25 26 27 28 29 38 39 32 33 34 35 36 37 6 7 0 1 2 3 4 5 14 15 8 9 10 11 12 13 22 23 16 17 18 19 20 21
31 24 25 26 27 28 29 30 23 16 17 18 19 20 21 22 15 8 9 10 11 12 13 14 7 0 1 2 3 4 5 6 39 32 33 34 35 36 37 38
32 33 34 35 36 37 38 39 0 1 2 3 4 5 6 7 8 9 10 11 12 13 14 15 16 17 18 19 20 21 22 23 24 25 26 27 28 29 30 31
33 34 35 36 37 38 39 32 25 26 27 28 29 30 31 24 17 18 19 20 21 22 23 16 9 10 11 12 13 14 15 8 1 2 3 4 5 6 7 0
34 35 36 37 38 39 32 33 2 3 4 5 6 7 0 1 10 11 12 13 14 15 8 9 18 19 20 21 22 23 16 17 26 27 28 29 30 31 24 25
35 36 37 38 39 32 33 34 27 28 29 30 31 24 25 26 19 20 21 22 23 16 17 18 11 12 13 14 15 8 9 10 3 4 5 6 7 0 1 2
36 37 38 39 32 33 34 35 4 5 6 7 0 1 2 3 12 13 14 15 8 9 10 11 20 21 22 23 16 17 18 19 28 29 30 31 24 25 26 27
37 38 39 32 33 34 35 36 29 30 31 24 25 26 27 28 21 22 23 16 17 18 19 20 13 14 15 8 9 10 11 12 5 6 7 0 1 2 3 4
38 39 32 33 34 35 36 37 6 7 0 1 2 3 4 5 14 15 8 9 10 11 12 13 22 23 16 17 18 19 20 21 30 31 24 25 26 27 28 29
39 32 33 34 35 36 37 38 31 24 25 26 27 28 29 30 23 16 17 18 19 20 21 22 15 8 9 10 11 12 13 14 7 0 1 2 3 4 5 6
# C5rt(C4xC2)-phi[1] n=40 involutions=3
0 1 6 7 4 5 2 3 32 33 38 39 36 37 34 35 24 25 30 31 28 29 26 27 16 17 22 23 20 21 18 19 8 9 14 15 12 13 10 11
0 1 2 3 4 5 6 7 8 9 10 11 12 13 14 15 16 17 18 19 20 21 22 23 24 25 26 27 28 29 30 31 32 33 34 35 36 37 38 39
1 0 3 2 5 4 7 6 9 8 11 10 13 12 15 14 17 16 19 18 21 20 23 22 25 24 27 26 29 28 31 30 33 32 35 34 37 36 39 38
2 3 4 5 6 7 0 1 10 11 12 13 14 15 8 9 18 19 20 21 22 23 16 17 26 27 28 29 30 31 24 25 34 35 36 37 38 39 32 33
3 2 5 4 7 6 1 0 11 10 13 12 15 14 9 8 19 18 21 20 23 22 17 16 27 26 29 28 31 30 25 24 35 34 37 36 39 38 33 32
4 5 6 7 0 1 2 3 12 13 14 15 8 9 10 11 20 21 22 23 16 17 18 19 28 29 30 31 24 25 26 27 36 37 38 39 32 33 34 35
5 4 7 6 1 0 3 2 13 12 15 14 9 8 11 10 21 20 23 22 17 16 19 18 29 28 31 30 25 24 27 26 37 36 39 38 33 32 35 34
6 7 0 1 2 3 4 5 14 15 8 9 10 11 12 13 22 23 16 17 18 19 20 21 30 31 24 25 26 27 28 29 38 39 32 33 34 35 36 37
7 6 1 0 3 2 5 4 15 14 9 8 11 10 13 12 23 22 17 16 19 18 21 20 31 30 25 24 27 26 29 28 39 38 33 32 35 34 37 36
8 9 10 11 12 13 14 15 16 17 18 19 20 21 22 23 24 25 26 27 28 29 30 31 32 33 34 35 36 37 38 39 0 1 2 3 4 5 6 7
9 8 11 10 13 12 15 14 17 16 19 18 21 20 23 22 25 24 27 26 29 28 31 30 33 32 35 34 37 36 39 38 1 0 3 2 5 4 7 6
10 11 12 13 14 15 8 9 18 19 20 21 22 23 16 17 26 27 28 29 30 31 24 25 34 35 36 37 38 39 32 33 2 3 4 5 6 7 0 1
11 10 13 12 15 14 9 8 19 18 21 20 23 22 17 16 27 26 29 28 31 30 25 24 35 34 37 36 39 38 33 32 3 2 5 4 7 6 1 0
12 13 14 15 8 9 10 11 20 21 22 23 16 17 18 19 28 29 30 31 24 25 26 27 36 37 38 39 32 33 34 35 4 5 6 7 0 1 2 3
13 12 15 14 9 8 11 10 21 20 23 22 17 16 19 18 29 28 31 30 25 24 27 26 37 36 39 38 33 32 35 34 5 4 7 6 1 0 3 2
14 15 8 9 10 11 12 13 22 23 16 17 18 19 20 21 30 31 24 25 26 27 28 29 38 39 32 33 34 35 36 37 6 7 0 1 2 3 4 5
15 14 9 8 11 10 13 12 23 22 17 16 19 18 21 20 31 30 25 24 27 26 29 28 39 38 33 32 35 34 37 36 7 6 1 0 3 2 5 4
16 17 18 19 20 21 22 23 24 25 26 27 28 29 30 31 32 33 34 35 36 37 38 39 0 1 2 3 4 5 6 7 8 9 10 11 12 13 14 15
17 16 19 18 21 20 23 22 25 24 27 26 29 28 31 30 33 32 35 34 37 36 39 38 1 0 3 2 5 4 7 6 9 8 11 10 13 12 15 14
18 19 20 21 22 23 16 17 26 27 28 29 30 31 24 25 34 35 36 37 38 39 32 33 2 3 4 5 6 7 0 1 10 11 12 13 14 15 8 9
19 18 21 20 23 22 17 16 27 26 29 28 31 30 25 24 35 34 37 36 39 38 33 32 3 2 5 4 7 6 1 0 11 10 13 12 15 14 9 8
20 21 22 23 16 17 18 19 28 29 30 31 24 25 26 27 36 37 38 39 32 33 34 35 4 5 6 7 0 1 2 3 12 13 14 15 8 9 10 11
21 20 23 22 17 16 19 18 29 28 31 30 25 24 27 26 37 36 39 38 33 32 35 34 5 4 7 6 1 0 3 2 13 12 15 14 9 8 11 10
22 23 16 17 18 19 20 21 30 31 24 25 26 27 28 29 38 39 32 33 34 35 36 37 6 7 0 1 2 3 4 5 14 15 8 9 10 11 12 13
23 22 17 16 19 18 21 20 31 30 25 24 27 26 29 28 39 38 33 32 35 34 37 36 7 6 1 0 3 2 5 4 15 14 9 8 11 10 13 12
24 25 26 27 28 29 30 31 32 33 34 35 36 37 38 39 0 1 2 3 4 5 6 7 8 9 10 11 12 13 14 15 16 17 18 19 20 21 22 23
25 24 27 26 29 28 31 30 33 32 35 34 37 36 39 38 1 0 3 2 5 4 7 6 9 8 11 10 13 12 15 14 17 16 19 18 21 20 23 22
26 27 28 29 30 31 24 25 34 35 36 37 38 39 32 33 2 3 4 5 6 7 0 1 10 11 12 13 14 15 8 9 18 19 20 21 22 23 16 17
27 26 29 28 31 30 25 24 35 34 37 36 39 38 33 32 3 2 5 4 7 6 1 0 11 10 13 12 15 14 9 8 19 18 21 20 23 22 17 16
28 29 30 31 24 25 26 27 36 37 38 39 32 33 34 35 4 5 6 7 0 1 2 3 12 13 14 15 8 9 10 11 20 21 22 23 16 17 18 19
29 28 31 30 25 24 27 26 37 36 39 38 33 32 35 34 5 4 7 6 1 0 3 2 13 12 15 14 9 8 11 10 21 20 23 22 17 16 19 18
30 31 24 25 26 27 28 29 38 39 32 33 34 35 36 37 6 7 0 1 2 3 4 5 14 15 8 9 10 11 12 13 22 23 16 17 18 19 20 21
31 30 25 24 27 26 29 28 39 38 33 32 35 34 37 36 7 6 1 0 3 2 5 4 15 14 9 8 11 10 13 12 23 22 17 16 19 18 21 20
32 33 34 35 36 37 38 39 0 1 2 3 4 5 6 7 8 9 10 11 12 13 14 15 16 17 18 19 20 21 22 23 24 25 26 27 28 29 30 31
33 32 35 34 37 36 39 38 1 0 3 2 5 4 7 6 9 8 11 10 13 12 15 14 17 16 19 18 21 20 23 22 25 24 27 26 29 28 31 30
34 35 36 37 38 39 32 33 2 3 4 5 6 7 0 1 10 11 12 13 14 15 8 9 18 19 20 21 22 23 16 17 26 27 28 29 30 31 24 25
35 34 37 36 39 38 33 32 3 2 5 4 7 6 1 0 11 10 13 12 15 14 9 8 19 18 21 20 23 22 17 16 27 26 29 28 31 30 25 24
36 37 38 39 32 33 34 35 4 5 6 7 0 1 2 3 12 13 14 15 8 9 10 11 20 21 22 23 16 17 18 19 28 29 30 31 24 25 26 27
37 36 39 38 33 32 35 34 5 4 7 6 1 0 3 2 13 12 15 14 9 8 11 10 21 20 23 22 17 16 19 18 29 28 31 30 25 24 27 26
38 39 32 33 34 35 36 37 6 7 0 1 2 3 4 5 14 15 8 9 10 11 12 13 22 23 16 17 18 19 20 21 30 31 24 25 26 27 28 29
39 38 33 32 35 34 37 36 7 6 1 0 3 2 5 4 15 14 9 8 11 10 13 12 23 22 17 16 19 18 21 20 31 30 25 24 27 26 29 28
# C5rt(C4xC2)-phi[1, 2, 3, 4] n=40 involutions=11
0 1 6 7 4 5 2 3 32 33 22 23 12 13 26 27 24 25 38 39 20 21 10 11 16 17 14 15 28 29 34 35 8 9 30 31 36 37 18 19
0 1 2 3 4 5 6 7 8 9 10 11 12 13 14 15 16 17 18 19 20 21 22 23 24 25 26 27 28 29 30 31 32 33 34 35 36 37 38 39
1 0 3 2 5 4 7 6 9 8 11 10 13 12 15 14 17 16 19 18 21 20 23 22 25 24 27 26 29 28 31 30 33 32 35 34 37 36 39 38
2 3 4 5 6 7 0 1 18 19 20 21 22 23 16 17 34 35 36 37 38 39 32 33 10 11 12 13 14 15 8 9 26 27 28 29 30 31 24 25
3 2 5 4 7 6 1 0 19 18 21 20 23 22 17 16 35 34 37 36 39 38 33 32 11 10 13 12 15 14 9 8 27 26 29 28 31 30 25 24
4 5 6 7 0 1 2 3 36 37 38 39 32 33 34 35 28 29 30 31 24 25 26 27 20 21 22 23 16 17 18 19 12 13 14 15 8 9 10 11
5 4 7 6 1 0 3 2 37 36 39 38 33 32 35 34 29 28 31 30 25 24 27 26 21 20 23 22 17 16 19 18 13 12 15 14 9 8 11 10
6 7 0 1 2 3 4 5 30 31 24 25 26 27 28 29 14 15 8 9 10 11 12 13 38 39 32 33 34 35 36 37 22 23 16 17 18 19 20 21
7 6 1 0 3 2 5 4 31 30 25 24 27 26 29 28 15 14 9 8 11 10 13 12 39 38 33 32 35 34 37 36 23 22 17 16 19 18 21 20
8 9 10 11 12 13 14 15 16 17 18 19 20 21 22 23 24 25 26 27 28 29 30 31 32 33 34 35 36 37 38 39 0 1 2 3 4 5 6 7
9 8 11 10 13 12 15 14 17 16 19 18 21 20 23 22 25 24 27 26 29 28 31 30 33 32 35 34 37 36 39 38 1 0 3 2 5 4 7 6
10 11 12 13 14 15 8 9 26 27 28 29 30 31 24 25 2 3 4 5 6 7 0 1 18 19 20 21 22 23 16 17 34 35 36 37 38 39 32 33
11 10 13 12 15 14 9 8 27 26 29 28 31 30 25 24 3 2 5 4 7 6 1 0 19 18 21 20 23 22 17 16 35 34 37 36 39 38 33 32
12 13 14 15 8 9 10 11 4 5 6 7 0 1 2 3 36 37 38 39 32 33 34 35 28 29 30 31 24 25 26 27 20 21 22 23 16 17 18 19
13 12 15 14 9 8 11 10 5 4 7 6 1 0 3 2 37 36 39 38 33 32 35 34 29 28 31 30 25 24 27 26 21 20 23 22 17 16 19 18
14 15 8 9 10 11 12 13 38 39 32 33 34 35 36 37 22 23 16 17 18 19 20 21 6 7 0 1 2 3 4 5 30 31 24 25 26 27 28 29
15 14 9 8 11 10 13 12 39 38 33 32 35 34 37 36 23 22 17 16 19 18 21 20 7 6 1 0 3 2 5 4 31 30 25 24 27 26 29 28
16 17 18 19 20 21 22 23 24 25 26 27 28 29 30 31 32 33 34 35 36 37 38 39 0 1 2 3 4 5 6 7 8 9 10 11 12 13 14 15
17 16 19 18 21 20 23 22 25 24 27 26 29 28 31 30 33 32 35 34 37 36 39 38 1 0 3 2 5 4 7 6 9 8 11 10 13 12 15 14
18 19 20 21 22 23 16 17 34 35 36 37 38 39 32 33 10 11 12 13 14 15 8 9 26 27 28 29 30 31 24 25 2 3 4 5 6 7 0 1
19 18 21 20 23 22 17 16 35 34 37 36 39 38 33 32 11 10 13 12 15 14 9 8 27 26 29 28 31 30 25 24 3 2 5 4 7 6 1 0
20 21 22 23 16 17 18 19 12 13 14 15 8 9 10 11 4 5 6 7 0 1 2 3 36 37 38 39 32 33 34 35 28 29 30 31 24 25 26 27
21 20 23 22 17 16 19 18 13 12 15 14 9 8 11 10 5 4 7 6 1 0 3 2 37 36 39 38 33 32 35 34 29 28 31 30 25 24 27 26
22 23 16 17 18 19 20 21 6 7 0 1 2 3 4 5 30 31 24 25 26 27 28 29 14 15 8 9 10 11 12 13 38 39 32 33 34 35 36 37
23 22 17 16 19 18 21 20 7 6 1 0 3 2 5 4 31 30 25 24 27 26 29 28 15 14 9 8 11 10 13 12 39 38 33 32 35 34 37 36
24 25 26 27 28 29 30 31 32 33 34 35 36 37 38 39 0 1 2 3 4 5 6 7 8 9 10 11 12 13 14 15 16 17 18 19 20 21 22 23
25 24 27 26 29 28 31 30 33 32 35 34 37 36 39 38 1 0 3 2 5 4 7 6 9 8 11 10 13 12 15 14 17 16 19 18 21 20 23 22
26 27 28 29 30 31 24 25 2 3 4 5 6 7 0 1 18 19 20 21 22 23 16 17 34 35 36 37 38 39 32 33 10 11 12 13 14 15 8 9
27 26 29 28 31 30 25 24 3 2 5 4 7 6 1 0 19 18 21 20 23 22 17 16 35 34 37 36 39 38 33 32 11 10 13 12 15 14 9 8
28 29 30 31 24 25 26 27 20 21 22 23 16 17 18 19 12 13 14 15 8 9 10 11 4 5 6 7 0 1 2 3 36 37 38 39 32 33 34 35
29 28 31 30 25 24 27 26 21 20 23 22 17 16 19 18 13 12 15 14 9 8 11 10 5 4 7 6 1 0 3 2 37 36 39 38 33 32 35 34
30 31 24 25 26 27 28 29 14 15 8 9 10 11 12 13 38 39 32 33 34 35 36 37 22 23 16 17 18 19 20 21 6 7 0 1 2 3 4 5
31 30 25 24 27 26 29 28 15 14 9 8 11 10 13 12 39 38 33 32 35 34 37 36 23 22 17 16 19 18 21 20 7 6 1 0 3 2 5 4
32 33 34 35 36 37 38 39 0 1 2 3 4 5 6 7 8 9 10 11 12 13 14 15 16 17 18 19 20 21 22 23 24 25 26 27 28 29 30 31
33 32 35 34 37 36 39 38 1 0 3 2 5 4 7 6 9 8 11 10 13 12 15 14 17 16 19 18 21 20 23 22 25 24 27 26 29 28 31 30
34 35 36 37 38 39 32 33 10 11 12 13 14 15 8 9 26 27 28 29 30 31 24 25 2 3 4 5 6 7 0 1 18 19 20 21 22 23 16 17
35 34 37 36 39 38 33 32 11 10 13 12 15 14 9 8 27 26 29 28 31 30 25 24 3 2 5 4 7 6 1 0 19 18 21 20 23 22 17 16
36 37 38 39 32 33 34 35 28 29 30 31 24 25 26 27 20 21 22 23 16 17 18 19 12 13 14 15 8 9 10 11 4 5 6 7 0 1 2 3
37 36 39 38 33 32 35 34 29 28 31 30 25 24 27 26 21 20 23 22 17 16 19 18 13 12 15 14 9 8 11 10 5 4 7 6 1 0 3 2
38 39 32 33 34 35 36 37 22 23 16 17 18 19 20 21 6 7 0 1 2 3 4 5 30 31 24 25 26 27 28 29 14 15 8 9 10 11 12 13
39 38 33 32 35 34 37 36 23 22 17 16 19 18 21 20 7 6 1 0 3 2 5 4 31 30 25 24 27 26 29 28 15 14 9 8 11 10 13 12
# C5rt(C4xC2)-phi[1, 4] n=40 involutions=3
0 1 6 7 4 5 2 3 32 33 14 15 36 37 10 11 24 25 22 23 28 29 18 19 16 17 30 31 20 21 26 27 8 9 38 39 12 13 34 35
0 1 2 3 4 5 6 7 8 9 10 11 12 13 14 15 16 17 18 19 20 21 22 23 24 25 26 27 28 29 30 31 32 33 34 35 36 37 38 39
1 0 3 2 5 4 7 6 9 8 11 10 13 12 15 14 17 16 19 18 21 20 23 22 25 24 27 26 29 28 31 30 33 32 35 34 37 36 39 38
2 3 4 5 6 7 0 1 34 35 36 37 38 39 32 33 26 27 28 29 30 31 24 25 18 19 20 21 22 23 16 17 10 11 12 13 14 15 8 9
3 2 5 4 7 6 1 0 35 34 37 36 39 38 33 32 27 26 29 28 31 30 25 24 19 18 21 20 23 22 17 16 11 10 13 12 15 14 9 8
4 5 6 7 0 1 2 3 12 13 14 15 8 9 10 11 20 21 22 23 16 17 18 19 28 29 30 31 24 25 26 27 36 37 38 39 32 33 34 35
5 4 7 6 1 0 3 2 13 12 15 14 9 8 11 10 21 20 23 22 17 16 19 18 29 28 31 30 25 24 27 26 37 36 39 38 33 32 35 34
6 7 0 1 2 3 4 5 38 39 32 33 34 35 36 37 30 31 24 25 26 27 28 29 22 23 16 17 18 19 20 21 14 15 8 9 10 11 12 13
7 6 1 0 3 2 5 4 39 38 33 32 35 34 37 36 31 30 25 24 27 26 29 28 23 22 17 16 19 18 21 20 15 14 9 8 11 10 13 12
8 9 10 11 12 13 14 15 16 17 18 19 20 21 22 23 24 25 26 27 28 29 30 31 32 33 34 35 36 37 38 39 0 1 2 3 4 5 6 7
9 8 11 10 13 12 15 14 17 16 19 18 21 20 23 22 25 24 27 26 29 28 31 30 33 32 35 34 37 36 39 38 1 0 3 2 5 4 7 6
10 11 12 13 14 15 8 9 2 3 4 5 6 7 0 1 34 35 36 37 38 39 32 33 26 27 28 29 30 31 24 25 18 19 20 21 22 23 16 17
11 10 13 12 15 14 9 8 3 2 5 4 7 6 1 0 35 34 37 36 39 38 33 32 27 26 29 28 31 30 25 24 19 18 21 20 23 22 17 16
12 13 14 15 8 9 10 11 20 21 22 23 16 17 18 19 28 29 30 31 24 25 26 27 36 37 38 39 32 33 34 35 4 5 6 7 0 1 2 3
13 12 15 14 9 8 11 10 21 20 23 22 17 16 19 18 29 28 31 30 25 24 27 26 37 36 39 38 33 32 35 34 5 4 7 6 1 0 3 2
14 15 8 9 10 11 12 13 6 7 0 1 2 3 4 5 38 39 32 33 34 35 36 37 30 31 24 25 26 27 28 29 22 23 16 17 18 19 20 21
15 14 9 8 11 10 13 12 7 6 1 0 3 2 5 4 39 38 33 32 35 34 37 36 31 30 25 24 27 26 29 28 23 22 17 16 19 18 21 20
16 17 18 19 20 21 22 23 24 25 26 27 28 29 30 31 32 33 34 35 36 37 38 39 0 1 2 3 4 5 6 7 8 9 10 11 12 13 14 15
17 16 19 18 21 20 23 22 25 24 27 26 29 28 31 30 33 32 35 34 37 36 39 38 1 0 3 2 5 4 7 6 9 8 11 10 13 12 15 14
18 19 20 21 22 23 16 17 10 11 12 13 14 15 8 9 2 3 4 5 6 7 0 1 34 35 36 37 38 39 32 33 26 27 28 29 30 31 24 25
19 18 21 20 23 22 17 16 11 10 13 12 15 14 9 8 3 2 5 4 7 6 1 0 35 34 37 36 39 38 33 32 27 26 29 28 31 30 25 24
20 21 22 23 16 17 18 19 28 29 30 31 24 25 26 27 36 37 38 39 32 33 34 35 4 5 6 7 0 1 2 3 12 13 14 15 8 9 10 11
21 20 23 22 17 16 19 18 29 28 31 30 25 24 27 26 37 36 39 38 33 32 35 34 5 4 7 6 1 0 3 2 13 12 15 14 9 8 11 10
22 23 16 17 18 19 20 21 14 15 8 9 10 11 12 13 6 7 0 1 2 3 4 5 38 39 32 33 34 35 36 37 30 31 24 25 26 27 28 29
23 22 17 16 19 18 21 20 15 14 9 8 11 10 13 12 7 6 1 0 3 2 5 4 39 38 33 32 35 34 37 36 31 30 25 24 27 26 29 28
24 25 26 27 28 29 30 31 32 33 34 35 36 37 38 39 0 1 2 3 4 5 6 7 8 9 10 11 12 13 14 15 16 17 18 19 20 21 22 23
25 24 27 26 29 28 31 30 33 32 35 34 37 36 39 38 1 0 3 2 5 4 7 6 9 8 11 10 13 12 15 14 17 16 19 18 21 20 23 22
26 27 28 29 30 31 24 25 18 19 20 21 22 23 16 17 10 11 12 13 14 15 8 9 2 3 4 5 6 7 0 1 34 35 36 37 38 39 32 33
27 26 29 28 31 30 25 24 19 18 21 20 23 22 17 16 11 10 13 12 15 14 9 8 3 2 5 4 7 6 1 0 35 34 37 36 39 38 33 32
28 29 30 31 24 25 26 27 36 37 38 39 32 33 34 35 4 5 6 7 0 1 2 3 12 13 14 15 8 9 10 11 20 21 22 23 16 17 18 19
29 28 31 30 25 24 27 26 37 36 39 38 33 32 35 34 5 4 7 6 1 0 3 2 13 12 15 14 9 8 11 10 21 20 23 22 17 16 19 18
30 31 24 25 26 27 28 29 22 23 16 17 18 19 20 21 14 15 8 9 10 11 12 13 6 7 0 1 2 3 4 5 38 39 32 33 34 35 36 37
31 30 25 24 27 26 29 28 23 22 17 16 19 18 21 20 15 14 9 8 11 10 13 12 7 6 1 0 3 2 5 4 39 38 33 32 35 34 37 36
32 33 34 35 36 37 38 39 0 1 2 3 4 5 6 7 8 9 10 11 12 13 14 15 16 17 18 19 20 21 22 23 24 25 26 27 28 29 30 31
33 32 35 34 37 36 39 38 1 0 3 2 5 4 7 6 9 8 11 10 13 12 15 14 17 16 19 18 21 20 23 22 25 24 27 26 29 28 31 30
34 35 36 37 38 39 32 33 26 27 28 29 30 31 24 25 18 19 20 21 22 23 16 17 10 11 12 13 14 15 8 9 2 3 4 5 6 7 0 1
35 34 37 36 39 38 33 32 27 26 29 28 31 30 25 24 19 18 21 20 23 22 17 16 11 10 13 12 15 14 9 8 3 2 5 4 7 6 1 0
36 37 38 39 32 33 34 35 4 5 6 7 0 1 2 3 12 13 14 15 8 9 10 11 20 21 22 23 16 17 18 19 28 29 30 31 24 25 26 27
37 36 39 38 33 32 35 34 5 4 7 6 1 0 3 2 13 12 15 14 9 8 11 10 21 20 23 22 17 16 19 18 29 28 31 30 25 24 27 26
38 39 32 33 34 35 36 37 30 31 24 25 26 27 28 29 22 23 16 17 18 19 20 21 14 15 8 9 10 11 12 13 6 7 0 1 2 3 4 5
39 38 33 32 35 34 37 36 31 30 25 24 27 26 29 28 23 22 17 16 19 18 21 20 15 14 9 8 11 10 13 12 7 6 1 0 3 2 5 4
# C5rt(C4xC2)-phi[1, 4] n=40 involutions=11
0 1 6 7 4 5 2 3 32 9 38 15 36 13 34 11 24 17 30 23 28 21 26 19 16 25 22 31 20 29 18 27 8 33 14 39 12 37 10 35
0 1 2 3 4 5 6 7 8 9 10 11 12 13 14 15 16 17 18 19 20 21 22 23 24 25 26 27 28 29 30 31 32 33 34 35 36 37 38 39
1 0 3 2 5 4 7 6 33 32 35 34 37 36 39 38 25 24 27 26 29 28 31 30 17 16 19 18 21 20 23 22 9 8 11 10 13 12 15 14
2 3 4 5 6 7 0 1 10 11 12 13 14 15 8 9 18 19 20 21 22 23 16 17 26 27 28 29 30 31 24 25 34 35 36 37 38 39 32 33
3 2 5 4 7 6 1 0 35 34 37 36 39 38 33 32 27 26 29 28 31 30 25 24 19 18 21 20 23 22 17 16 11 10 13 12 15 14 9 8
4 5 6 7 0 1 2 3 12 13 14 15 8 9 10 11 20 21 22 23 16 17 18 19 28 29 30 31 24 25 26 27 36 37 38 39 32 33 34 35
5 4 7 6 1 0 3 2 37 36 39 38 33 32 35 34 29 28 31 30 25 24 27 26 21 20 23 22 17 16 19 18 13 12 15 14 9 8 11 10
6 7 0 1 2 3 4 5 14 15 8 9 10 11 12 13 22 23 16 17 18 19 20 21 30 31 24 25 26 27 28 29 38 39 32 33 34 35 36 37
7 6 1 0 3 2 5 4 39 38 33 32 35 34 37 36 31 30 25 24 27 26 29 28 23 22 17 16 19 18 21 20 15 14 9 8 11 10 13 12
8 9 10 11 12 13 14 15 16 17 18 19 20 21 22 23 24 25 26 27 28 29 30 31 32 33 34 35 36 37 38 39 0 1 2 3 4 5 6 7
9 8 11 10 13 12 15 14 1 0 3 2 5 4 7 6 33 32 35 34 37 36 39 38 25 24 27 26 29 28 31 30 17 16 19 18 21 20 23 22
10 11 12 13 14 15 8 9 18 19 20 21 22 23 16 17 26 27 28 29 30 31 24 25 34 35 36 37 38 39 32 33 2 3 4 5 6 7 0 1
11 10 13 12 15 14 9 8 3 2 5 4 7 6 1 0 35 34 37 36 39 38 33 32 27 26 29 28 31 30 25 24 19 18 21 20 23 22 17 16
12 13 14 15 8 9 10 11 20 21 22 23 16 17 18 19 28 29 30 31 24 25 26 27 36 37 38 39 32 33 34 35 4 5 6 7 0 1 2 3
13 12 15 14 9 8 11 10 5 4 7 6 1 0 3 2 37 36 39 38 33 32 35 34 29 28 31 30 25 24 27 26 21 20 23 22 17 16 19 18
14 15 8 9 10 11 12 13 22 23 16 17 18 19 20 21 30 31 24 25 26 27 28 29 38 39 32 33 34 35 36 37 6 7 0 1 2 3 4 5
15 14 9 8 11 10 13 12 7 6 1 0 3 2 5 4 39 38 33 32 35 34 37 36 31 30 25 24 27 26 29 28 23 22 17 16 19 18 21 20
16 17 18 19 20 21 22 23 24 25 26 27 28 29 30 31 32 33 34 35 36 37 38 39 0 1 2 3 4 5 6 7 8 9 10 11 12 13 14 15
17 16 19 18 21 20 23 22 9 8 11 10 13 12 15 14 1 0 3 2 5 4 7 6 33 32 35 34 37 36 39 38 25 24 27 26 29 28 31 30
18 19 20 21 22 23 16 17 26 27 28 29 30 31 24 25 34 35 36 37 38 39 32 33 2 3 4 5 6 7 0 1 10 11 12 13 14 15 8 9
19 18 21 20 23 22 17 16 11 10 13 12 15 14 9 8 3 2 5 4 7 6 1 0 35 34 37 36 39 38 33 32 27 26 29 28 31 30 25 24
20 21 22 23 16 17 18 19 28 29 30 31 24 25 26 27 36 37 38 39 32 33 34 35 4 5 6 7 0 1 2 3 12 13 14 15 8 9 10 11
21 20 23 22 17 16 19 18 13 12 15 14 9 8 11 10 5 4 7 6 1 0 3 2 37 36 39 38 33 32 35 34 29 28 31 30 25 24 27 26
22 23 16 17 18 19 20 21 30 31 24 25 26 27 28 29 38 39 32 33 34 35 36 37 6 7 0 1 2 3 4 5 14 15 8 9 10 11 12 13
23 22 17 16 19 18 21 20 15 14 9 8 11 10 13 12 7 6 1 0 3 2 5 4 39 38 33 32 35 34 37 36 31 30 25 24 27 26 29 28
24 25 26 27 28 29 30 31 32 33 34 35 36 37 38 39 0 1 2 3 4 5 6 7 8 9 10 11 12 13 14 15 16 17 18 19 20 21 22 23
25 24 27 26 29 28 31 30 17 16 19 18 21 20 23 22 9 8 11 10 13 12 15 14 1 0 3 2 5 4 7 6 33 32 35 34 37 36 39 38
26 27 28 29 30 31 24 25 34 35 36 37 38 39 32 33 2 3 4 5 6 7 0 1 10 11 12 13 14 15 8 9 18 19 20 21 22 23 16 17
27 26 29 28 31 30 25 24 19 18 21 20 23 22 17 16 11 10 13 12 15 14 9 8 3 2 5 4 7 6 1 0 35 34 37 36 39 38 33 32
28 29 30 31 24 25 26 27 36 37 38 39 32 33 34 35 4 5 6 7 0 1 2 3 12 13 14 15 8 9 10 11 20 21 22 23 16 17 18 19
29 28 31 30 25 24 27 26 21 20 23 22 17 16 19 18 13 12 15 14 9 8 11 10 5 4 7 6 1 0 3 2 37 36 39 38 33 32 35 34
30 31 24 25 26 27 28 29 38 39 32 33 34 35 36 37 6 7 0 1 2 3 4 5 14 15 8 9 10 11 12 13 22 23 16 17 18 19 20 21
31 30 25 24 27 26 29 28 23 22 17 16 19 18 21 20 15 14 9 8 11 10 13 12 7 6 1 0 3 2 5 4 39 38 33 32 35 34 37 36
32 33 34 35 36 37 38 39 0 1 2 3 4 5 6 7 8 9 10 11 12 13 14 15 16 17 18 19 20 21 22 23 24 25 26 27 28 29 30 31
33 32 35 34 37 36 39 38 25 24 27 26 29 28 31 30 17 16 19 18 21 20 23 22 9 8 11 10 13 12 15 14 1 0 3 2 5 4 7 6
34 35 36 37 38 39 32 33 2 3 4 5 6 7 0 1 10 11 12 13 14 15 8 9 18 19 20 21 22 23 16 17 26 27 28 29 30 31 24 25
35 34 37 36 39 38 33 32 27 26 29 28 31 30 25 24 19 18 21 20 23 22 17 16 11 10 13 12 15 14 9 8 3 2 5 4 7 6 1 0
36 37 38 39 32 33 34 35 4 5 6 7 0 1 2 3 12 13 14 15 8 9 10 11 20 21 22 23 16 17 18 19 28 29 30 31 24 25 26 27
37 36 39 38 33 32 35 34 29 28 31 30 25 24 27 26 21 20 23 22 17 16 19 18 13 12 15 14 9 8 11 10 5 4 7 6 1 0 3 2
38 39 32 33 34 35 36 37 6 7 0 1 2 3 4 5 14 15 8 9 10 11 12 13 22 23 16 17 18 19 20 21 30 31 24 25 26 27 28 29
39 38 33 32 35 34 37 36 31 30 25 24 27 26 29 28 23 22 17 16 19 18 21 20 15 14 9 8 11 10 13 12 7 6 1 0 3 2 5 4
# C5rt(C2^3)-phi[1] n=40 involutions=7
0 1 2 3 4 5 6 7 32 33 34 35 36 37 38 39 24 25 26 27 28 29 30 31 16 17 18 19 20 21 22 23 8 9 10 11 12 13 14 15
0 1 2 3 4 5 6 7 8 9 10 11 12 13 14 15 16 17 18 19 20 21 22 23 24 25 26 27 28 29 30 31 32 33 34 35 36 37 38 39
1 0 3 2 5 4 7 6 9 8 11 10 13 12 15 14 17 16 19 18 21 20 23 22 25 24 27 26 29 28 31 30 33 32 35 34 37 36 39 38
2 3 0 1 6 7 4 5 10 11 8 9 14 15 12 13 18 19 16 17 22 23 20 21 26 27 24 25 30 31 28 29 34 35 32 33 38 39 36 37
3 2 1 0 7 6 5 4 11 10 9 8 15 14 13 12 19 18 17 16 23 22 21 20 27 26 25 24 31 30 29 28 35 34 33 32 39 38 37 36
4 5 6 7 0 1 2 3 12 13 14 15 8 9 10 11 20 21 22 23 16 17 18 19 28 29 30 31 24 25 26 27 36 37 38 39 32 33 34 35
5 4 7 6 1 0 3 2 13 12 15 14 9 8 11 10 21 20 23 22 17 16 19 18 29 28 31 30 25 24 27 26 37 36 39 38 33 32 35 34
6 7 4 5 2 3 0 1 14 15 12 13 10 11 8 9 22 23 20 21 18 19 16 17 30 31 28 29 26 27 24 25 38 39 36 37 34 35 32 33
7 6 5 4 3 2 1 0 15 14 13 12 11 10 9 8 23 22 21 20 19 18 17 16 31 30 29 28 27 26 25 24 39 38 37 36 35 34 33 32
8 9 10 11 12 13 14 15 16 17 18 19 20 21 22 23 24 25 26 27 28 29 30 31 32 33 34 35 36 37 38 39 0 1 2 3 4 5 6 7
9 8 11 10 13 12 15 14 17 16 19 18 21 20 23 22 25 24 27 26 29 28 31 30 33 32 35 34 37 36 39 38 1 0 3 2 5 4 7 6
10 11 8 9 14 15 12 13 18 19 16 17 22 23 20 21 26 27 24 25 30 31 28 29 34 35 32 33 38 39 36 37 2 3 0 1 6 7 4 5
11 10 9 8 15 14 13 12 19 18 17 16 23 22 21 20 27 26 25 24 31 30 29 28 35 34 33 32 39 38 37 36 3 2 1 0 7 6 5 4
12 13 14 15 8 9 10 11 20 21 22 23 16 17 18 19 28 29 30 31 24 25 26 27 36 37 38 39 32 33 34 35 4 5 6 7 0 1 2 3
13 12 15 14 9 8 11 10 21 20 23 22 17 16 19 18 29 28 31 30 25 24 27 26 37 36 39 38 33 32 35 34 5 4 7 6 1 0 3 2
14 15 12 13 10 11 8 9 22 23 20 21 18 19 16 17 30 31 28 29 26 27 24 25 38 39 36 37 34 35 32 33 6 7 4 5 2 3 0 1
15 14 13 12 11 10 9 8 23 22 21 20 19 18 17 16 31 30 29 28 27 26 25 24 39 38 37 36 35 34 33 32 7 6 5 4 3 2 1 0
16 17 18 19 20 21 22 23 24 25 26 27 28 29 30 31 32 33 34 35 36 37 38 39 0 1 2 3 4 5 6 7 8 9 10 11 12 13 14 15
17 16 19 18 21 20 23 22 25 24 27 26 29 28 31 30 33 32 35 34 37 36 39 38 1 0 3 2 5 4 7 6 9 8 11 10 13 12 15 14
18 19 16 17 22 23 20 21 26 27 24 25 30 31 28 29 34 35 32 33 38 39 36 37 2 3 0 1 6 7 4 5 10 11 8 9 14 15 12 13
19 18 17 16 23 22 21 20 27 26 25 24 31 30 29 28 35 34 33 32 39 38 37 36 3 2 1 0 7 6 5 4 11 10 9 8 15 14 13 12
20 21 22 23 16 17 18 19 28 29 30 31 24 25 26 27 36 37 38 39 32 33 34 35 4 5 6 7 0 1 2 3 12 13 14 15 8 9 10 11
21 20 23 22 17 16 19 18 29 28 31 30 25 24 27 26 37 36 39 38 33 32 35 34 5 4 7 6 1 0 3 2 13 12 15 14 9 8 11 10
22 23 20 21 18 19 16 17 30 31 28 29 26 27 24 25 38 39 36 37 34 35 32 33 6 7 4 5 2 3 0 1 14 15 12 13 10 11 8 9
23 22 21 20 19 18 17 16 31 30 29 28 27 26 25 24 39 38 37 36 35 34 33 32 7 6 5 4 3 2 1 0 15 14 13 12 11 10 9 8
24 25 26 27 28 29 30 31 32 33 34 35 36 37 38 39 0 1 2 3 4 5 6 7 8 9 10 11 12 13 14 15 16 17 18 19 20 21 22 23
25 24 27 26 29 28 31 30 33 32 35 34 37 36 39 38 1 0 3 2 5 4 7 6 9 8 11 10 13 12 15 14 17 16 19 18 21 20 23 22
26 27 24 25 30 31 28 29 34 35 32 33 38 39 36 37 2 3 0 1 6 7 4 5 10 11 8 9 14 15 12 13 18 19 16 17 22 23 20 21
27 26 25 24 31 30 29 28 35 34 33 32 39 38 37 36 3 2 1 0 7 6 5 4 11 10 9 8 15 14 13 12 19 18 17 16 23 22 21 20
28 29 30 31 24 25 26 27 36 37 38 39 32 33 34 35 4 5 6 7 0 1 2 3 12 13 14 15 8 9 10 11 20 21 22 23 16 17 18 19
29 28 31 30 25 24 27 26 37 36 39 38 33 32 35 34 5 4 7 6 1 0 3 2 13 12 15 14 9 8 11 10 21 20 23 22 17 16 19 18
30 31 28 29 26 27 24 25 38 39 36 37 34 35 32 33 6 7 4 5 2 3 0 1 14 15 12 13 10 11 8 9 22 23 20 21 18 19 16 17
31 30 29 28 27 26 25 24 39 38 37 36 35 34 33 32 7 6 5 4 3 2 1 0 15 14 13 12 11 10 9 8 23 22 21 20 19 18 17 16
32 33 34 35 36 37 38 39 0 1 2 3 4 5 6 7 8 9 10 11 12 13 14 15 16 17 18 19 20 21 22 23 24 25 26 27 28 29 30 31
33 32 35 34 37 36 39 38 1 0 3 2 5 4 7 6 9 8 11 10 13 12 15 14 17 16 19 18 21 20 23 22 25 24 27 26 29 28 31 30
34 35 32 33 38 39 36 37 2 3 0 1 6 7 4 5 10 11 8 9 14 15 12 13 18 19 16 17 22 23 20 21 26 27 24 25 30 31 28 29
35 34 33 32 39 38 37 36 3 2 1 0 7 6 5 4 11 10 9 8 15 14 13 12 19 18 17 16 23 22 21 20 27 26 25 24 31 30 29 28
36 37 38 39 32 33 34 35 4 5 6 7 0 1 2 3 12 13 14 15 8 9 10 11 20 21 22 23 16 17 18 19 28 29 30 31 24 25 26 27
37 36 39 38 33 32 35 34 5 4 7 6 1 0 3 2 13 12 15 14 9 8 11 10 21 20 23 22 17 16 19 18 29 28 31 30 25 24 27 26
38 39 36 37 34 35 32 33 6 7 4 5 2 3 0 1 14 15 12 13 10 11 8 9 22 23 20 21 18 19 16 17 30 31 28 29 26 27 24 25
39 38 37 36 35 34 33 32 7 6 5 4 3 2 1 0 15 14 13 12 11 10 9 8 23 22 21 20 19 18 17 16 31 30 29 28 27 26 25 24
# C5rt(C2^3)-phi[1, 4] n=40 involutions=23
0 1 2 3 4 5 6 7 32 33 34 35 12 13 14 15 24 25 26 27 20 21 22 23 16 17 18 19 28 29 30 31 8 9 10 11 36 37 38 39
0 1 2 3 4 5 6 7 8 9 10 11 12 13 14 15 16 17 18 19 20 21 22 23 24 25 26 27 28 29 30 31 32 33 34 35 36 37 38 39
1 0 3 2 5 4 7 6 9 8 11 10 13 12 15 14 17 16 19 18 21 20 23 22 25 24 27 26 29 28 31 30 33 32 35 34 37 36 39 38
2 3 0 1 6 7 4 5 10 11 8 9 14 15 12 13 18 19 16 17 22 23 20 21 26 27 24 25 30 31 28 29 34 35 32 33 38 39 36 37
3 2 1 0 7 6 5 4 11 10 9 8 15 14 13 12 19 18 17 16 23 22 21 20 27 26 25 24 31 30 29 28 35 34 33 32 39 38 37 36
4 5 6 7 0 1 2 3 36 37 38 39 32 33 34 35 28 29 30 31 24 25 26 27 20 21 22 23 16 17 18 19 12 13 14 15 8 9 10 11
5 4 7 6 1 0 3 2 37 36 39 38 33 32 35 34 29 28 31 30 25 24 27 26 21 20 23 22 17 16 19 18 13 12 15 14 9 8 11 10
6 7 4 5 2 3 0 1 38 39 36 37 34 35 32 33 30 31 28 29 26 27 24 25 22 23 20 21 18 19 16 17 14 15 12 13 10 11 8 9
7 6 5 4 3 2 1 0 39 38 37 36 35 34 33 32 31 30 29 28 27 26 25 24 23 22 21 20 19 18 17 16 15 14 13 12 11 10 9 8
8 9 10 11 12 13 14 15 16 17 18 19 20 21 22 23 24 25 26 27 28 29 30 31 32 33 34 35 36 37 38 39 0 1 2 3 4 5 6 7
9 8 11 10 13 12 15 14 17 16 19 18 21 20 23 22 25 24 27 26 29 28 31 30 33 32 35 34 37 36 39 38 1 0 3 2 5 4 7 6
10 11 8 9 14 15 12 13 18 19 16 17 22 23 20 21 26 27 24 25 30 31 28 29 34 35 32 33 38 39 36 37 2 3 0 1 6 7 4 5
11 10 9 8 15 14 13 12 19 18 17 16 23 22 21 20 27 26 25 24 31 30 29 28 35 34 33 32 39 38 37 36 3 2 1 0 7 6 5 4
12 13 14 15 8 9 10 11 4 5 6 7 0 1 2 3 36 37 38 39 32 33 34 35 28 29 30 31 24 25 26 27 20 21 22 23 16 17 18 19
13 12 15 14 9 8 11 10 5 4 7 6 1 0 3 2 37 36 39 38 33 32 35 34 29 28 31 30 25 24 27 26 21 20 23 22 17 16 19 18
14 15 12 13 10 11 8 9 6 7 4 5 2 3 0 1 38 39 36 37 34 35 32 33 30 31 28 29 26 27 24 25 22 23 20 21 18 19 16 17
15 14 13 12 11 10 9 8 7 6 5 4 3 2 1 0 39 38 37 36 35 34 33 32 31 30 29 28 27 26 25 24 23 22 21 20 19 18 17 16
16 17 18 19 20 21 22 23 24 25 26 27 28 29 30 31 32 33 34 35 36 37 38 39 0 1 2 3 4 5 6 7 8 9 10 11 12 13 14 15
17 16 19 18 21 20 23 22 25 24 27 26 29 28 31 30 33 32 35 34 37 36 39 38 1 0 3 2 5 4 7 6 9 8 11 10 13 12 15 14
18 19 16 17 22 23 20 21 26 27 24 25 30 31 28 29 34 35 32 33 38 39 36 37 2 3 0 1 6 7 4 5 10 11 8 9 14 15 12 13
19 18 17 16 23 22 21 20 27 26 25 24 31 30 29 28 35 34 33 32 39 38 37 36 3 2 1 0 7 6 5 4 11 10 9 8 15 14 13 12
20 21 22 23 16 17 18 19 12 13 14 15 8 9 10 11 4 5 6 7 0 1 2 3 36 37 38 39 32 33 34 35 28 29 30 31 24 25 26 27
21 20 23 22 17 16 19 18 13 12 15 14 9 8 11 10 5 4 7 6 1 0 3 2 37 36 39 38 33 32 35 34 29 28 31 30 25 24 27 26
22 23 20 21 18 19 16 17 14 15 12 13 10 11 8 9 6 7 4 5 2 3 0 1 38 39 36 37 34 35 32 33 30 31 28 29 26 27 24 25
23 22 21 20 19 18 17 16 15 14 13 12 11 10 9 8 7 6 5 4 3 2 1 0 39 38 37 36 35 34 33 32 31 30 29 28 27 26 25 24
24 25 26 27 28 29 30 31 32 33 34 35 36 37 38 39 0 1 2 3 4 5 6 7 8 9 10 11 12 13 14 15 16 17 18 19 20 21 22 23
25 24 27 26 29 28 31 30 33 32 35 34 37 36 39 38 1 0 3 2 5 4 7 6 9 8 11 10 13 12 15 14 17 16 19 18 21 20 23 22
26 27 24 25 30 31 28 29 34 35 32 33 38 39 36 37 2 3 0 1 6 7 4 5 10 11 8 9 14 15 12 13 18 19 16 17 22 23 20 21
27 26 25 24 31 30 29 28 35 34 33 32 39 38 37 36 3 2 1 0 7 6 5 4 11 10 9 8 15 14 13 12 19 18 17 16 23 22 21 20
28 29 30 31 24 25 26 27 20 21 22 23 16 17 18 19 12 13 14 15 8 9 10 11 4 5 6 7 0 1 2 3 36 37 38 39 32 33 34 35
29 28 31 30 25 24 27 26 21 20 23 22 17 16 19 18 13 12 15 14 9 8 11 10 5 4 7 6 1 0 3 2 37 36 39 38 33 32 35 34
30 31 28 29 26 27 24 25 22 23 20 21 18 19 16 17 14 15 12 13 10 11 8 9 6 7 4 5 2 3 0 1 38 39 36 37 34 35 32 33
31 30 29 28 27 26 25 24 23 22 21 20 19 18 17 16 15 14 13 12 11 10 9 8 7 6 5 4 3 2 1 0 39 38 37 36 35 34 33 32
32 33 34 35 36 37 38 39 0 1 2 3 4 5 6 7 8 9 10 11 12 13 14 15 16 17 18 19 20 21 22 23 24 25 26 27 28 29 30 31
33 32 35 34 37 36 39 38 1 0 3 2 5 4 7 6 9 8 11 10 13 12 15 14 17 16 19 18 21 20 23 22 25 24 27 26 29 28 31 30
34 35 32 33 38 39 36 37 2 3 0 1 6 7 4 5 10 11 8 9 14 15 12 13 18 19 16 17 22 23 20 21 26 27 24 25 30 31 28 29
35 34 33 32 39 38 37 36 3 2 1 0 7 6 5 4 11 10 9 8 15 14 13 12 19 18 17 16 23 22 21 20 27 26 25 24 31 30 29 28
36 37 38 39 32 33 34 35 28 29 30 31 24 25 26 27 20 21 22 23 16 17 18 19 12 13 14 15 8 9 10 11 4 5 6 7 0 1 2 3
37 36 39 38 33 32 35 34 29 28 31 30 25 24 27 26 21 20 23 22 17 16 19 18 13 12 15 14 9 8 11 10 5 4 7 6 1 0 3 2
38 39 36 37 34 35 32 33 30 31 28 29 26 27 24 25 22 23 20 21 18 19 16 17 14 15 12 13 10 11 8 9 6 7 4 5 2 3 0 1
39 38 37 36 35 34 33 32 31 30 29 28 27 26 25 24 23 22 21 20 19 18 17 16 15 14 13 12 11 10 9 8 7 6 5 4 3 2 1 0
# C5rt(D8)-phi[1] n=40 involutions=5
0 1 6 3 4 5 2 7 32 33 38 35 36 37 34 39 24 25 30 27 28 29 26 31 16 17 22 19 20 21 18 23 8 9 14 11 12 13 10 15
0 1 2 3 4 5 6 7 8 9 10 11 12 13 14 15 16 17 18 19 20 21 22 23 24 25 26 27 28 29 30 31 32 33 34 35 36 37 38 39
1 0 7 6 5 4 3 2 9 8 15 14 13 12 11 10 17 16 23 22 21 20 19 18 25 24 31 30 29 28 27 26 33 32 39 38 37 36 35 34
2 3 4 5 6 7 0 1 10 11 12 13 14 15 8 9 18 19 20 21 22 23 16 17 26 27 28 29 30 31 24 25 34 35 36 37 38 39 32 33
3 2 1 0 7 6 5 4 11 10 9 8 15 14 13 12 19 18 17 16 23 22 21 20 27 26 25 24 31 30 29 28 35 34 33 32 39 38 37 36
4 5 6 7 0 1 2 3 12 13 14 15 8 9 10 11 20 21 22 23 16 17 18 19 28 29 30 31 24 25 26 27 36 37 38 39 32 33 34 35
5 4 3 2 1 0 7 6 13 12 11 10 9 8 15 14 21 20 19 18 17 16 23 22 29 28 27 26 25 24 31 30 37 36 35 34 33 32 39 38
6 7 0 1 2 3 4 5 14 15 8 9 10 11 12 13 22 23 16 17 18 19 20 21 30 31 24 25 26 27 28 29 38 39 32 33 34 35 36 37
7 6 5 4 3 2 1 0 15 14 13 12 11 10 9 8 23 22 21 20 19 18 17 16 31 30 29 28 27 26 25 24 39 38 37 36 35 34 33 32
8 9 10 11 12 13 14 15 16 17 18 19 20 21 22 23 24 25 26 27 28 29 30 31 32 33 34 35 36 37 38 39 0 1 2 3 4 5 6 7
9 8 15 14 13 12 11 10 17 16 23 22 21 20 19 18 25 24 31 30 29 28 27 26 33 32 39 38 37 36 35 34 1 0 7 6 5 4 3 2
10 11 12 13 14 15 8 9 18 19 20 21 22 23 16 17 26 27 28 29 30 31 24 25 34 35 36 37 38 39 32 33 2 3 4 5 6 7 0 1
11 10 9 8 15 14 13 12 19 18 17 16 23 22 21 20 27 26 25 24 31 30 29 28 35 34 33 32 39 38 37 36 3 2 1 0 7 6 5 4
12 13 14 15 8 9 10 11 20 21 22 23 16 17 18 19 28 29 30 31 24 25 26 27 36 37 38 39 32 33 34 35 4 5 6 7 0 1 2 3
13 12 11 10 9 8 15 14 21 20 19 18 17 16 23 22 29 28 27 26 25 24 31 30 37 36 35 34 33 32 39 38 5 4 3 2 1 0 7 6
14 15 8 9 10 11 12 13 22 23 16 17 18 19 20 21 30 31 24 25 26 27 28 29 38 39 32 33 34 35 36 37 6 7 0 1 2 3 4 5
15 14 13 12 11 10 9 8 23 22 21 20 19 18 17 16 31 30 29 28 27 26 25 24 39 38 37 36 35 34 33 32 7 6 5 4 3 2 1 0
16 17 18 19 20 21 22 23 24 25 26 27 28 29 30 31 32 33 34 35 36 37 38 39 0 1 2 3 4 5 6 7 8 9 10 11 12 13 14 15
17 16 23 22 21 20 19 18 25 24 31 30 29 28 27 26 33 32 39 38 37 36 35 34 1 0 7 6 5 4 3 2 9 8 15 14 13 12 11 10
18 19 20 21 22 23 16 17 26 27 28 29 30 31 24 25 34 35 36 37 38 39 32 33 2 3 4 5 6 7 0 1 10 11 12 13 14 15 8 9
19 18 17 16 23 22 21 20 27 26 25 24 31 30 29 28 35 34 33 32 39 38 37 36 3 2 1 0 7 6 5 4 11 10 9 8 15 14 13 12
20 21 22 23 16 17 18 19 28 29 30 31 24 25 26 27 36 37 38 39 32 33 34 35 4 5 6 7 0 1 2 3 12 13 14 15 8 9 10 11
21 20 19 18 17 16 23 22 29 28 27 26 25 24 31 30 37 36 35 34 33 32 39 38 5 4 3 2 1 0 7 6 13 12 11 10 9 8 15 14
22 23 16 17 18 19 20 21 30 31 24 25 26 27 28 29 38 39 32 33 34 35 36 37 6 7 0 1 2 3 4 5 14 15 8 9 10 11 12 13
23 22 21 20 19 18 17 16 31 30 29 28 27 26 25 24 39 38 37 36 35 34 33 32 7 6 5 4 3 2 1 0 15 14 13 12 11 10 9 8
24 25 26 27 28 29 30 31 32 33 34 35 36 37 38 39 0 1 2 3 4 5 6 7 8 9 10 11 12 13 14 15 16 17 18 19 20 21 22 23
25 24 31 30 29 28 27 26 33 32 39 38 37 36 35 34 1 0 7 6 5 4 3 2 9 8 15 14 13 12 11 10 17 16 23 22 21 20 19 18
26 27 28 29 30 31 24 25 34 35 36 37 38 39 32 33 2 3 4 5 6 7 0 1 10 11 12 13 14 15 8 9 18 19 20 21 22 23 16 17
27 26 25 24 31 30 29 28 35 34 33 32 39 38 37 36 3 2 1 0 7 6 5 4 11 10 9 8 15 14 13 12 19 18 17 16 23 22 21 20
28 29 30 31 24 25 26 27 36 37 38 39 32 33 34 35 4 5 6 7 0 1 2 3 12 13 14 15 8 9 10 11 20 21 22 23 16 17 18 19
29 28 27 26 25 24 31 30 37 36 35 34 33 32 39 38 5 4 3 2 1 0 7 6 13 12 11 10 9 8 15 14 21 20 19 18 17 16 23 22
30 31 24 25 26 27 28 29 38 39 32 33 34 35 36 37 6 7 0 1 2 3 4 5 14 15 8 9 10 11 12 13 22 23 16 17 18 19 20 21
31 30 29 28 27 26 25 24 39 38 37 36 35 34 33 32 7 6 5 4 3 2 1 0 15 14 13 12 11 10 9 8 23 22 21 20 19 18 17 16
32 33 34 35 36 37 38 39 0 1 2 3 4 5 6 7 8 9 10 11 12 13 14 15 16 17 18 19 20 21 22 23 24 25 26 27 28 29 30 31
33 32 39 38 37 36 35 34 1 0 7 6 5 4 3 2 9 8 15 14 13 12 11 10 17 16 23 22 21 20 19 18 25 24 31 30 29 28 27 26
34 35 36 37 38 39 32 33 2 3 4 5 6 7 0 1 10 11 12 13 14 15 8 9 18 19 20 21 22 23 16 17 26 27 28 29 30 31 24 25
35 34 33 32 39 38 37 36 3 2 1 0 7 6 5 4 11 10 9 8 15 14 13 12 19 18 17 16 23 22 21 20 27 26 25 24 31 30 29 28
36 37 38 39 32 33 34 35 4 5 6 7 0 1 2 3 12 13 14 15 8 9 10 11 20 21 22 23 16 17 18 19 28 29 30 31 24 25 26 27
37 36 35 34 33 32 39 38 5 4 3 2 1 0 7 6 13 12 11 10 9 8 15 14 21 20 19 18 17 16 23 22 29 28 27 26 25 24 31 30
38 39 32 33 34 35 36 37 6 7 0 1 2 3 4 5 14 15 8 9 10 11 12 13 22 23 16 17 18 19 20 21 30 31 24 25 26 27 28 29
39 38 37 36 35 34 33 32 7 6 5 4 3 2 1 0 15 14 13 12 11 10 9 8 23 22 21 20 19 18 17 16 31 30 29 28 27 26 25 24
# C5rt(D8)-phi[1, 4] n=40 involutions=13
0 1 6 3 4 5 2 7 32 33 14 11 36 37 10 15 24 25 22 19 28 29 18 23 16 17 30 27 20 21 26 31 8 9 38 35 12 13 34 39
0 1 2 3 4 5 6 7 8 9 10 11 12 13 14 15 16 17 18 19 20 21 22 23 24 25 26 27 28 29 30 31 32 33 34 35 36 37 38 39
1 0 7 6 5 4 3 2 9 8 15 14 13 12 11 10 17 16 23 22 21 20 19 18 25 24 31 30 29 28 27 26 33 32 39 38 37 36 35 34
2 3 4 5 6 7 0 1 34 35 36 37 38 39 32 33 26 27 28 29 30 31 24 25 18 19 20 21 22 23 16 17 10 11 12 13 14 15 8 9
3 2 1 0 7 6 5 4 35 34 33 32 39 38 37 36 27 26 25 24 31 30 29 28 19 18 17 16 23 22 21 20 11 10 9 8 15 14 13 12
4 5 6 7 0 1 2 3 12 13 14 15 8 9 10 11 20 21 22 23 16 17 18 19 28 29 30 31 24 25 26 27 36 37 38 39 32 33 34 35
5 4 3 2 1 0 7 6 13 12 11 10 9 8 15 14 21 20 19 18 17 16 23 22 29 28 27 26 25 24 31 30 37 36 35 34 33 32 39 38
6 7 0 1 2 3 4 5 38 39 32 33 34 35 36 37 30 31 24 25 26 27 28 29 22 23 16 17 18 19 20 21 14 15 8 9 10 11 12 13
7 6 5 4 3 2 1 0 39 38 37 36 35 34 33 32 31 30 29 28 27 26 25 24 23 22 21 20 19 18 17 16 15 14 13 12 11 10 9 8
8 9 10 11 12 13 14 15 16 17 18 19 20 21 22 23 24 25 26 27 28 29 30 31 32 33 34 35 36 37 38 39 0 1 2 3 4 5 6 7
9 8 15 14 13 12 11 10 17 16 23 22 21 20 19 18 25 24 31 30 29 28 27 26 33 32 39 38 37 36 35 34 1 0 7 6 5 4 3 2
10 11 12 13 14 15 8 9 2 3 4 5 6 7 0 1 34 35 36 37 38 39 32 33 26 27 28 29 30 31 24 25 18 19 20 21 22 23 16 17
11 10 9 8 15 14 13 12 3 2 1 0 7 6 5 4 35 34 33 32 39 38 37 36 27 26 25 24 31 30 29 28 19 18 17 16 23 22 21 20
12 13 14 15 8 9 10 11 20 21 22 23 16 17 18 19 28 29 30 31 24 25 26 27 36 37 38 39 32 33 34 35 4 5 6 7 0 1 2 3
13 12 11 10 9 8 15 14 21 20 19 18 17 16 23 22 29 28 27 26 25 24 31 30 37 36 35 34 33 32 39 38 5 4 3 2 1 0 7 6
14 15 8 9 10 11 12 13 6 7 0 1 2 3 4 5 38 39 32 33 34 35 36 37 30 31 24 25 26 27 28 29 22 23 16 17 18 19 20 21
15 14 13 12 11 10 9 8 7 6 5 4 3 2 1 0 39 38 37 36 35 34 33 32 31 30 29 28 27 26 25 24 23 22 21 20 19 18 17 16
16 17 18 19 20 21 22 23 24 25 26 27 28 29 30 31 32 33 34 35 36 37 38 39 0 1 2 3 4 5 6 7 8 9 10 11 12 13 14 15
17 16 23 22 21 20 19 18 25 24 31 30 29 28 27 26 33 32 39 38 37 36 35 34 1 0 7 6 5 4 3 2 9 8 15 14 13 12 11 10
18 19 20 21 22 23 16 17 10 11 12 13 14 15 8 9 2 3 4 5 6 7 0 1 34 35 36 37 38 39 32 33 26 27 28 29 30 31 24 25
19 18 17 16 23 22 21 20 11 10 9 8 15 14 13 12 3 2 1 0 7 6 5 4 35 34 33 32 39 38 37 36 27 26 25 24 31 30 29 28
20 21 22 23 16 17 18 19 28 29 30 31 24 25 26 27 36 37 38 39 32 33 34 35 4 5 6 7 0 1 2 3 12 13 14 15 8 9 10 11
21 20 19 18 17 16 23 22 29 28 27 26 25 24 31 30 37 36 35 34 33 32 39 38 5 4 3 2 1 0 7 6 13 12 11 10 9 8 15 14
22 23 16 17 18 19 20 21 14 15 8 9 10 11 12 13 6 7 0 1 2 3 4 5 38 39 32 33 34 35 36 37 30 31 24 25 26 27 28 29
23 22 21 20 19 18 17 16 15 14 13 12 11 10 9 8 7 6 5 4 3 2 1 0 39 38 37 36 35 34 33 32 31 30 29 28 27 26 25 24
24 25 26 27 28 29 30 31 32 33 34 35 36 37 38 39 0 1 2 3 4 5 6 7 8 9 10 11 12 13 14 15 16 17 18 19 20 21 22 23
25 24 31 30 29 28 27 26 33 32 39 38 37 36 35 34 1 0 7 6 5 4 3 2 9 8 15 14 13 12 11 10 17 16 23 22 21 20 19 18
26 27 28 29 30 31 24 25 18 19 20 21 22 23 16 17 10 11 12 13 14 15 8 9 2 3 4 5 6 7 0 1 34 35 36 37 38 39 32 33
27 26 25 24 31 30 29 28 19 18 17 16 23 22 21 20 11 10 9 8 15 14 13 12 3 2 1 0 7 6 5 4 35 34 33 32 39 38 37 36
28 29 30 31 24 25 26 27 36 37 38 39 32 33 34 35 4 5 6 7 0 1 2 3 12 13 14 15 8 9 10 11 20 21 22 23 16 17 18 19
29 28 27 26 25 24 31 30 37 36 35 34 33 32 39 38 5 4 3 2 1 0 7 6 13 12 11 10 9 8 15 14 21 20 19 18 17 16 23 22
30 31 24 25 26 27 28 29 22 23 16 17 18 19 20 21 14 15 8 9 10 11 12 13 6 7 0 1 2 3 4 5 38 39 32 33 34 35 36 37
31 30 29 28 27 26 25 24 23 22 21 20 19 18 17 16 15 14 13 12 11 10 9 8 7 6 5 4 3 2 1 0 39 38 37 36 35 34 33 32
32 33 34 35 36 37 38 39 0 1 2 3 4 5 6 7 8 9 10 11 12 13 14 15 16 17 18 19 20 21 22 23 24 25 26 27 28 29 30 31
33 32 39 38 37 36 35 34 1 0 7 6 5 4 3 2 9 8 15 14 13 12 11 10 17 16 23 22 21 20 19 18 25 24 31 30 29 28 27 26
34 35 36 37 38 39 32 33 26 27 28 29 30 31 24 25 18 19 20 21 22 23 16 17 10 11 12 13 14 15 8 9 2 3 4 5 6 7 0 1
35 34 33 32 39 38 37 36 27 26 25 24 31 30 29 28 19 18 17 16 23 22 21 20 11 10 9 8 15 14 13 12 3 2 1 0 7 6 5 4
36 37 38 39 32 33 34 35 4 5 6 7 0 1 2 3 12 13 14 15 8 9 10 11 20 21 22 23 16 17 18 19 28 29 30 31 24 25 26 27
37 36 35 34 33 32 39 38 5 4 3 2 1 0 7 6 13 12 11 10 9 8 15 14 21 20 19 18 17 16 23 22 29 28 27 26 25 24 31 30
38 39 32 33 34 35 36 37 30 31 24 25 26 27 28 29 22 23 16 17 18 19 20 21 14 15 8 9 10 11 12 13 6 7 0 1 2 3 4 5
39 38 37 36 35 34 33 32 31 30 29 28 27 26 25 24 23 22 21 20 19 18 17 16 15 14 13 12 11 10 9 8 7 6 5 4 3 2 1 0
# C5rt(D8)-phi[1, 4] n=40 involutions=21
0 1 6 3 4 5 2 7 32 9 38 11 36 13 34 15 24 17 30 19 28 21 26 23 16 25 22 27 20 29 18 31 8 33 14 35 12 37 10 39
0 1 2 3 4 5 6 7 8 9 10 11 12 13 14 15 16 17 18 19 20 21 22 23 24 25 26 27 28 29 30 31 32 33 34 35 36 37 38 39
1 0 7 6 5 4 3 2 33 32 39 38 37 36 35 34 25 24 31 30 29 28 27 26 17 16 23 22 21 20 19 18 9 8 15 14 13 12 11 10
2 3 4 5 6 7 0 1 10 11 12 13 14 15 8 9 18 19 20 21 22 23 16 17 26 27 28 29 30 31 24 25 34 35 36 37 38 39 32 33
3 2 1 0 7 6 5 4 35 34 33 32 39 38 37 36 27 26 25 24 31 30 29 28 19 18 17 16 23 22 21 20 11 10 9 8 15 14 13 12
4 5 6 7 0 1 2 3 12 13 14 15 8 9 10 11 20 21 22 23 16 17 18 19 28 29 30 31 24 25 26 27 36 37 38 39 32 33 34 35
5 4 3 2 1 0 7 6 37 36 35 34 33 32 39 38 29 28 27 26 25 24 31 30 21 20 19 18 17 16 23 22 13 12 11 10 9 8 15 14
6 7 0 1 2 3 4 5 14 15 8 9 10 11 12 13 22 23 16 17 18 19 20 21 30 31 24 25 26 27 28 29 38 39 32 33 34 35 36 37
7 6 5 4 3 2 1 0 39 38 37 36 35 34 33 32 31 30 29 28 27 26 25 24 23 22 21 20 19 18 17 16 15 14 13 12 11 10 9 8
8 9 10 11 12 13 14 15 16 17 18 19 20 21 22 23 24 25 26 27 28 29 30 31 32 33 34 35 36 37 38 39 0 1 2 3 4 5 6 7
9 8 15 14 13 12 11 10 1 0 7 6 5 4 3 2 33 32 39 38 37 36 35 34 25 24 31 30 29 28 27 26 17 16 23 22 21 20 19 18
10 11 12 13 14 15 8 9 18 19 20 21 22 23 16 17 26 27 28 29 30 31 24 25 34 35 36 37 38 39 32 33 2 3 4 5 6 7 0 1
11 10 9 8 15 14 13 12 3 2 1 0 7 6 5 4 35 34 33 32 39 38 37 36 27 26 25 24 31 30 29 28 19 18 17 16 23 22 21 20
12 13 14 15 8 9 10 11 20 21 22 23 16 17 18 19 28 29 30 31 24 25 26 27 36 37 38 39 32 33 34 35 4 5 6 7 0 1 2 3
13 12 11 10 9 8 15 14 5 4 3 2 1 0 7 6 37 36 35 34 33 32 39 38 29 28 27 26 25 24 31 30 21 20 19 18 17 16 23 22
14 15 8 9 10 11 12 13 22 23 16 17 18 19 20 21 30 31 24 25 26 27 28 29 38 39 32 33 34 35 36 37 6 7 0 1 2 3 4 5
15 14 13 12 11 10 9 8 7 6 5 4 3 2 1 0 39 38 37 36 35 34 33 32 31 30 29 28 27 26 25 24 23 22 21 20 19 18 17 16
16 17 18 19 20 21 22 23 24 25 26 27 28 29 30 31 32 33 34 35 36 37 38 39 0 1 2 3 4 5 6 7 8 9 10 11 12 13 14 15
17 16 23 22 21 20 19 18 9 8 15 14 13 12 11 10 1 0 7 6 5 4 3 2 33 32 39 38 37 36 35 34 25 24 31 30 29 28 27 26
18 19 20 21 22 23 16 17 26 27 28 29 30 31 24 25 34 35 36 37 38 39 32 33 2 3 4 5 6 7 0 1 10 11 12 13 14 15 8 9
19 18 17 16 23 22 21 20 11 10 9 8 15 14 13 12 3 2 1 0 7 6 5 4 35 34 33 32 39 38 37 36 27 26 25 24 31 30 29 28
20 21 22 23 16 17 18 19 28 29 30 31 24 25 26 27 36 37 38 39 32 33 34 35 4 5 6 7 0 1 2 3 12 13 14 15 8 9 10 11
21 20 19 18 17 16 23 22 13 12 11 10 9 8 15 14 5 4 3 2 1 0 7 6 37 36 35 34 33 32 39 38 29 28 27 26 25 24 31 30
22 23 16 17 18 19 20 21 30 31 24 25 26 27 28 29 38 39 32 33 34 35 36 37 6 7 0 1 2 3 4 5 14 15 8 9 10 11 12 13
23 22 21 20 19 18 17 16 15 14 13 12 11 10 9 8 7 6 5 4 3 2 1 0 39 38 37 36 35 34 33 32 31 30 29 28 27 26 25 24
24 25 26 27 28 29 30 31 32 33 34 35 36 37 38 39 0 1 2 3 4 5 6 7 8 9 10 11 12 13 14 15 16 17 18 19 20 21 22 23
25 24 31 30 29 28 27 26 17 16 23 22 21 20 19 18 9 8 15 14 13 12 11 10 1 0 7 6 5 4 3 2 33 32 39 38 37 36 35 34
26 27 28 29 30 31 24 25 34 35 36 37 38 39 32 33 2 3 4 5 6 7 0 1 10 11 12 13 14 15 8 9 18 19 20 21 22 23 16 17
27 26 25 24 31 30 29 28 19 18 17 16 23 22 21 20 11 10 9 8 15 14 13 12 3 2 1 0 7 6 5 4 35 34 33 32 39 38 37 36
28 29 30 31 24 25 26 27 36 37 38 39 32 33 34 35 4 5 6 7 0 1 2 3 12 13 14 15 8 9 10 11 20 21 22 23 16 17 18 19
29 28 27 26 25 24 31 30 21 20 19 18 17 16 23 22 13 12 11 10 9 8 15 14 5 4 3 2 1 0 7 6 37 36 35 34 33 32 39 38
30 31 24 25 26 27 28 29 38 39 32 33 34 35 36 37 6 7 0 1 2 3 4 5 14 15 8 9 10 11 12 13 22 23 16 17 18 19 20 21
31 30 29 28 27 26 25 24 23 22 21 20 19 18 17 16 15 14 13 12 11 10 9 8 7 6 5 4 3 2 1 0 39 38 37 36 35 34 33 32
32 33 34 35 36 37 38 39 0 1 2 3 4 5 6 7 8 9 10 11 12 13 14 15 16 17 18 19 20 21 22 23 24 25 26 27 28 29 30 31
33 32 39 38 37 36 35 34 25 24 31 30 29 28 27 26 17 16 23 22 21 20 19 18 9 8 15 14 13 12 11 10 1 0 7 6 5 4 3 2
34 35 36 37 38 39 32 33 2 3 4 5 6 7 0 1 10 11 12 13 14 15 8 9 18 19 20 21 22 23 16 17 26 27 28 29 30 31 24 25
35 34 33 32 39 38 37 36 27 26 25 24 31 30 29 28 19 18 17 16 23 22 21 20 11 10 9 8 15 14 13 12 3 2 1 0 7 6 5 4
36 37 38 39 32 33 34 35 4 5 6 7 0 1 2 3 12 13 14 15 8 9 10 11 20 21 22 23 16 17 18 19 28 29 30 31 24 25 26 27
37 36 35 34 33 32 39 38 29 28 27 26 25 24 31 30 21 20 19 18 17 16 23 22 13 12 11 10 9 8 15 14 5 4 3 2 1 0 7 6
38 39 32 33 34 35 36 37 6 7 0 1 2 3 4 5 14 15 8 9 10 11 12 13 22 23 16 17 18 19 20 21 30 31 24 25 26 27 28 29
39 38 37 36 35 34 33 32 31 30 29 28 27 26 25 24 23 22 21 20 19 18 17 16 15 14 13 12 11 10 9 8 7 6 5 4 3 2 1 0
# C5rt(Q8)-phi[1] n=40 involutions=1
0 5 6 7 4 1 2 3 32 37 38 39 36 33 34 35 24 29 30 31 28 25 26 27 16 21 22 23 20 17 18 19 8 13 14 15 12 9 10 11
0 1 2 3 4 5 6 7 8 9 10 11 12 13 14 15 16 17 18 19 20 21 22 23 24 25 26 27 28 29 30 31 32 33 34 35 36 37 38 39
1 4 7 2 5 0 3 6 9 12 15 10 13 8 11 14 17 20 23 18 21 16 19 22 25 28 31 26 29 24 27 30 33 36 39 34 37 32 35 38
2 3 4 5 6 7 0 1 10 11 12 13 14 15 8 9 18 19 20 21 22 23 16 17 26 27 28 29 30 31 24 25 34 35 36 37 38 39 32 33
3 6 1 4 7 2 5 0 11 14 9 12 15 10 13 8 19 22 17 20 23 18 21 16 27 30 25 28 31 26 29 24 35 38 33 36 39 34 37 32
4 5 6 7 0 1 2 3 12 13 14 15 8 9 10 11 20 21 22 23 16 17 18 19 28 29 30 31 24 25 26 27 36 37 38 39 32 33 34 35
5 0 3 6 1 4 7 2 13 8 11 14 9 12 15 10 21 16 19 22 17 20 23 18 29 24 27 30 25 28 31 26 37 32 35 38 33 36 39 34
6 7 0 1 2 3 4 5 14 15 8 9 10 11 12 13 22 23 16 17 18 19 20 21 30 31 24 25 26 27 28 29 38 39 32 33 34 35 36 37
7 2 5 0 3 6 1 4 15 10 13 8 11 14 9 12 23 18 21 16 19 22 17 20 31 26 29 24 27 30 25 28 39 34 37 32 35 38 33 36
8 9 10 11 12 13 14 15 16 17 18 19 20 21 22 23 24 25 26 27 28 29 30 31 32 33 34 35 36 37 38 39 0 1 2 3 4 5 6 7
9 12 15 10 13 8 11 14 17 20 23 18 21 16 19 22 25 28 31 26 29 24 27 30 33 36 39 34 37 32 35 38 1 4 7 2 5 0 3 6
10 11 12 13 14 15 8 9 18 19 20 21 22 23 16 17 26 27 28 29 30 31 24 25 34 35 36 37 38 39 32 33 2 3 4 5 6 7 0 1
11 14 9 12 15 10 13 8 19 22 17 20 23 18 21 16 27 30 25 28 31 26 29 24 35 38 33 36 39 34 37 32 3 6 1 4 7 2 5 0
12 13 14 15 8 9 10 11 20 21 22 23 16 17 18 19 28 29 30 31 24 25 26 27 36 37 38 39 32 33 34 35 4 5 6 7 0 1 2 3
13 8 11 14 9 12 15 10 21 16 19 22 17 20 23 18 29 24 27 30 25 28 31 26 37 32 35 38 33 36 39 34 5 0 3 6 1 4 7 2
14 15 8 9 10 11 12 13 22 23 16 17 18 19 20 21 30 31 24 25 26 27 28 29 38 39 32 33 34 35 36 37 6 7 0 1 2 3 4 5
15 10 13 8 11 14 9 12 23 18 21 16 19 22 17 20 31 26 29 24 27 30 25 28 39 34 37 32 35 38 33 36 7 2 5 0 3 6 1 4
16 17 18 19 20 21 22 23 24 25 26 27 28 29 30 31 32 33 34 35 36 37 38 39 0 1 2 3 4 5 6 7 8 9 10 11 12 13 14 15
17 20 23 18 21 16 19 22 25 28 31 26 29 24 27 30 33 36 39 34 37 32 35 38 1 4 7 2 5 0 3 6 9 12 15 10 13 8 11 14
18 19 20 21 22 23 16 17 26 27 28 29 30 31 24 25 34 35 36 37 38 39 32 33 2 3 4 5 6 7 0 1 10 11 12 13 14 15 8 9
19 22 17 20 23 18 21 16 27 30 25 28 31 26 29 24 35 38 33 36 39 34 37 32 3 6 1 4 7 2 5 0 11 14 9 12 15 10 13 8
20 21 22 23 16 17 18 19 28 29 30 31 24 25 26 27 36 37 38 39 32 33 34 35 4 5 6 7 0 1 2 3 12 13 14 15 8 9 10 11
21 16 19 22 17 20 23 18 29 24 27 30 25 28 31 26 37 32 35 38 33 36 39 34 5 0 3 6 1 4 7 2 13 8 11 14 9 12 15 10
22 23 16 17 18 19 20 21 30 31 24 25 26 27 28 29 38 39 32 33 34 35 36 37 6 7 0 1 2 3 4 5 14 15 8 9 10 11 12 13
23 18 21 16 19 22 17 20 31 26 29 24 27 30 25 28 39 34 37 32 35 38 33 36 7 2 5 0 3 6 1 4 15 10 13 8 11 14 9 12
24 25 26 27 28 29 30 31 32 33 34 35 36 37 38 39 0 1 2 3 4 5 6 7 8 9 10 11 12 13 14 15 16 17 18 19 20 21 22 23
25 28 31 26 29 24 27 30 33 36 39 34 37 32 35 38 1 4 7 2 5 0 3 6 9 12 15 10 13 8 11 14 17 20 23 18 21 16 19 22
26 27 28 29 30 31 24 25 34 35 36 37 38 39 32 33 2 3 4 5 6 7 0 1 10 11 12 13 14 15 8 9 18 19 20 21 22 23 16 17
27 30 25 28 31 26 29 24 35 38 33 36 39 34 37 32 3 6 1 4 7 2 5 0 11 14 9 12 15 10 13 8 19 22 17 20 23 18 21 16
28 29 30 31 24 25 26 27 36 37 38 39 32 33 34 35 4 5 6 7 0 1 2 3 12 13 14 15 8 9 10 11 20 21 22 23 16 17 18 19
29 24 27 30 25 28 31 26 37 32 35 38 33 36 39 34 5 0 3 6 1 4 7 2 13 8 11 14 9 12 15 10 21 16 19 22 17 20 23 18
30 31 24 25 26 27 28 29 38 39 32 33 34 35 36 37 6 7 0 1 2 3 4 5 14 15 8 9 10 11 12 13 22 23 16 17 18 19 20 21
31 26 29 24 27 30 25 28 39 34 37 32 35 38 33 36 7 2 5 0 3 6 1 4 15 10 13 8 11 14 9 12 23 18 21 16 19 22 17 20
32 33 34 35 36 37 38 39 0 1 2 3 4 5 6 7 8 9 10 11 12 13 14 15 16 17 18 19 20 21 22 23 24 25 26 27 28 29 30 31
33 36 39 34 37 32 35 38 1 4 7 2 5 0 3 6 9 12 15 10 13 8 11 14 17 20 23 18 21 16 19 22 25 28 31 26 29 24 27 30
34 35 36 37 38 39 32 33 2 3 4 5 6 7 0 1 10 11 12 13 14 15 8 9 18 19 20 21 22 23 16 17 26 27 28 29 30 31 24 25
35 38 33 36 39 34 37 32 3 6 1 4 7 2 5 0 11 14 9 12 15 10 13 8 19 22 17 20 23 18 21 16 27 30 25 28 31 26 29 24
36 37 38 39 32 33 34 35 4 5 6 7 0 1 2 3 12 13 14 15 8 9 10 11 20 21 22 23 16 17 18 19 28 29 30 31 24 25 26 27
37 32 35 38 33 36 39 34 5 0 3 6 1 4 7 2 13 8 11 14 9 12 15 10 21 16 19 22 17 20 23 18 29 24 27 30 25 28 31 26
38 39 32 33 34 35 36 37 6 7 0 1 2 3 4 5 14 15 8 9 10 11 12 13 22 23 16 17 18 19 20 21 30 31 24 25 26 27 28 29
39 34 37 32 35 38 33 36 7 2 5 0 3 6 1 4 15 10 13 8 11 14 9 12 23 18 21 16 19 22 17 20 31 26 29 24 27 30 25 28
# C5rt(Q8)-phi[1, 4] n=40 involutions=1
0 5 6 7 4 1 2 3 32 37 14 15 36 33 10 11 24 29 22 23 28 25 18 19 16 21 30 31 20 17 26 27 8 13 38 39 12 9 34 35
0 1 2 3 4 5 6 7 8 9 10 11 12 13 14 15 16 17 18 19 20 21 22 23 24 25 26 27 28 29 30 31 32 33 34 35 36 37 38 39
1 4 7 2 5 0 3 6 9 12 15 10 13 8 11 14 17 20 23 18 21 16 19 22 25 28 31 26 29 24 27 30 33 36 39 34 37 32 35 38
2 3 4 5 6 7 0 1 34 35 36 37 38 39 32 33 26 27 28 29 30 31 24 25 18 19 20 21 22 23 16 17 10 11 12 13 14 15 8 9
3 6 1 4 7 2 5 0 35 38 33 36 39 34 37 32 27 30 25 28 31 26 29 24 19 22 17 20 23 18 21 16 11 14 9 12 15 10 13 8
4 5 6 7 0 1 2 3 12 13 14 15 8 9 10 11 20 21 22 23 16 17 18 19 28 29 30 31 24 25 26 27 36 37 38 39 32 33 34 35
5 0 3 6 1 4 7 2 13 8 11 14 9 12 15 10 21 16 19 22 17 20 23 18 29 24 27 30 25 28 31 26 37 32 35 38 33 36 39 34
6 7 0 1 2 3 4 5 38 39 32 33 34 35 36 37 30 31 24 25 26 27 28 29 22 23 16 17 18 19 20 21 14 15 8 9 10 11 12 13
7 2 5 0 3 6 1 4 39 34 37 32 35 38 33 36 31 26 29 24 27 30 25 28 23 18 21 16 19 22 17 20 15 10 13 8 11 14 9 12
8 9 10 11 12 13 14 15 16 17 18 19 20 21 22 23 24 25 26 27 28 29 30 31 32 33 34 35 36 37 38 39 0 1 2 3 4 5 6 7
9 12 15 10 13 8 11 14 17 20 23 18 21 16 19 22 25 28 31 26 29 24 27 30 33 36 39 34 37 32 35 38 1 4 7 2 5 0 3 6
10 11 12 13 14 15 8 9 2 3 4 5 6 7 0 1 34 35 36 37 38 39 32 33 26 27 28 29 30 31 24 25 18 19 20 21 22 23 16 17
11 14 9 12 15 10 13 8 3 6 1 4 7 2 5 0 35 38 33 36 39 34 37 32 27 30 25 28 31 26 29 24 19 22 17 20 23 18 21 16
12 13 14 15 8 9 10 11 20 21 22 23 16 17 18 19 28 29 30 31 24 25 26 27 36 37 38 39 32 33 34 35 4 5 6 7 0 1 2 3
13 8 11 14 9 12 15 10 21 16 19 22 17 20 23 18 29 24 27 30 25 28 31 26 37 32 35 38 33 36 39 34 5 0 3 6 1 4 7 2
14 15 8 9 10 11 12 13 6 7 0 1 2 3 4 5 38 39 32 33 34 35 36 37 30 31 24 25 26 27 28 29 22 23 16 17 18 19 20 21
15 10 13 8 11 14 9 12 7 2 5 0 3 6 1 4 39 34 37 32 35 38 33 36 31 26 29 24 27 30 25 28 23 18 21 16 19 22 17 20
16 17 18 19 20 21 22 23 24 25 26 27 28 29 30 31 32 33 34 35 36 37 38 39 0 1 2 3 4 5 6 7 8 9 10 11 12 13 14 15
17 20 23 18 21 16 19 22 25 28 31 26 29 24 27 30 33 36 39 34 37 32 35 38 1 4 7 2 5 0 3 6 9 12 15 10 13 8 11 14
18 19 20 21 22 23 16 17 10 11 12 13 14 15 8 9 2 3 4 5 6 7 0 1 34 35 36 37 38 39 32 33 26 27 28 29 30 31 24 25
19 22 17 20 23 18 21 16 11 14 9 12 15 10 13 8 3 6 1 4 7 2 5 0 35 38 33 36 39 34 37 32 27 30 25 28 31 26 29 24
20 21 22 23 16 17 18 19 28 29 30 31 24 25 26 27 36 37 38 39 32 33 34 35 4 5 6 7 0 1 2 3 12 13 14 15 8 9 10 11
21 16 19 22 17 20 23 18 29 24 27 30 25 28 31 26 37 32 35 38 33 36 39 34 5 0 3 6 1 4 7 2 13 8 11 14 9 12 15 10
22 23 16 17 18 19 20 21 14 15 8 9 10 11 12 13 6 7 0 1 2 3 4 5 38 39 32 33 34 35 36 37 30 31 24 25 26 27 28 29
23 18 21 16 19 22 17 20 15 10 13 8 11 14 9 12 7 2 5 0 3 6 1 4 39 34 37 32 35 38 33 36 31 26 29 24 27 30 25 28
24 25 26 27 28 29 30 31 32 33 34 35 36 37 38 39 0 1 2 3 4 5 6 7 8 9 10 11 12 13 14 15 16 17 18 19 20 21 22 23
25 28 31 26 29 24 27 30 33 36 39 34 37 32 35 38 1 4 7 2 5 0 3 6 9 12 15 10 13 8 11 14 17 20 23 18 21 16 19 22
26 27 28 29 30 31 24 25 18 19 20 21 22 23 16 17 10 11 12 13 14 15 8 9 2 3 4 5 6 7 0 1 34 35 36 37 38 39 32 33
27 30 25 28 31 26 29 24 19 22 17 20 23 18 21 16 11 14 9 12 15 10 13 8 3 6 1 4 7 2 5 0 35 38 33 36 39 34 37 32
28 29 30 31 24 25 26 27 36 37 38 39 32 33 34 35 4 5 6 7 0 1 2 3 12 13 14 15 8 9 10 11 20 21 22 23 16 17 18 19
29 24 27 30 25 28 31 26 37 32 35 38 33 36 39 34 5 0 3 6 1 4 7 2 13 8 11 14 9 12 15 10 21 16 19 22 17 20 23 18
30 31 24 25 26 27 28 29 22 23 16 17 18 19 20 21 14 15 8 9 10 11 12 13 6 7 0 1 2 3 4 5 38 39 32 33 34 35 36 37
31 26 29 24 27 30 25 28 23 18 21 16 19 22 17 20 15 10 13 8 11 14 9 12 7 2 5 0 3 6 1 4 39 34 37 32 35 38 33 36
32 33 34 35 36 37 38 39 0 1 2 3 4 5 6 7 8 9 10 11 12 13 14 15 16 17 18 19 20 21 22 23 24 25 26 27 28 29 30 31
33 36 39 34 37 32 35 38 1 4 7 2 5 0 3 6 9 12 15 10 13 8 11 14 17 20 23 18 21 16 19 22 25 28 31 26 29 24 27 30
34 35 36 37 38 39 32 33 26 27 28 29 30 31 24 25 18 19 20 21 22 23 16 17 10 11 12 13 14 15 8 9 2 3 4 5 6 7 0 1
35 38 33 36 39 34 37 32 27 30 25 28 31 26 29 24 19 22 17 20 23 18 21 16 11 14 9 12 15 10 13 8 3 6 1 4 7 2 5 0
36 37 38 39 32 33 34 35 4 5 6 7 0 1 2 3 12 13 14 15 8 9 10 11 20 21 22 23 16 17 18 19 28 29 30 31 24 25 26 27
37 32 35 38 33 36 39 34 5 0 3 6 1 4 7 2 13 8 11 14 9 12 15 10 21 16 19 22 17 20 23 18 29 24 27 30 25 28 31 26
38 39 32 33 34 35 36 37 30 31 24 25 26 27 28 29 22 23 16 17 18 19 20 21 14 15 8 9 10 11 12 13 6 7 0 1 2 3 4 5
39 34 37 32 35 38 33 36 31 26 29 24 27 30 25 28 23 18 21 16 19 22 17 20 15 10 13 8 11 14 9 12 7 2 5 0 3 6 1 4
