0 0 51
0 2 34
0 83 85
0 86 56
1 4 89
1 5 78
1 14 55
1 83 94
2 8 0
2 54 94
2 55 16
2 60 55
3 28 19
3 67 26
3 72 35
3 75 66
4 42 53
4 62 81
4 66 45
4 69 71
5 39 61
5 57 23
5 87 76
5 90 38
6 2 20
6 17 76
6 36 18
6 91 81
7 6 85
7 20 18
7 57 70
7 83 19
8 5 28
8 8 74
8 15 41
8 16 50
9 9 64
9 19 36
9 23 69
9 63 2
10 7 49
10 13 30
10 53 41
10 90 72
11 17 28
11 24 76
11 34 79
11 66 93
12 7 52
12 49 5
12 59 82
12 79 8
13 12 56
13 19 84
13 25 77
13 90 29
14 28 91
14 73 60
14 73 88
14 77 12
15 9 82
15 40 74
15 73 25
15 85 62
16 5 10
16 62 15
16 75 25
16 91 86
17 18 40
17 58 65
17 62 36
17 71 67
18 5 42
18 47 85
18 84 44
18 93 20
19 41 63
19 44 54
19 49 54
19 95 53
20 26 55
20 50 7
20 72 93
20 95 74
21 21 8
21 29 59
21 45 53
21 76 12
22 1 24
22 25 64
22 57 6
22 86 32
23 15 74
23 19 7
23 22 65
23 52 40
24 32 37
24 43 34
24 53 45
24 88 1
25 18 95
25 39 91
25 55 17
25 84 20
26 2 88
26 51 41
26 68 56
26 77 45
27 7 43
27 36 21
27 44 30
27 89 78
28 14 27
28 80 57
28 87 31
28 93 90
29 10 85
29 22 27
29 42 12
29 71 2
30 2 46
30 14 47
30 66 48
30 89 48
31 44 57
31 63 31
31 63 81
31 95 47
32 16 10
32 38 92
32 43 89
32 82 52
33 26 33
33 59 91
33 67 28
33 94 58
34 27 49
34 36 19
34 53 11
34 84 0
35 0 21
35 17 59
35 26 22
35 85 66
36 3 4
36 8 83
36 31 68
36 94 12
37 15 21
37 31 22
37 38 6
37 66 38
38 37 36
38 65 78
38 68 18
38 72 20
39 6 34
39 63 72
39 64 13
39 74 66
40 25 39
40 31 83
40 37 23
40 78 68
41 12 44
41 17 24
41 72 72
41 93 69
42 12 43
42 27 35
42 52 73
42 80 49
43 45 16
43 71 35
43 71 61
43 79 7
44 43 38
44 47 3
44 79 93
44 82 8
45 37 15
45 54 75
45 55 53
45 70 48
46 24 75
46 30 4
46 67 60
46 81 62
47 18 71
47 33 37
47 41 87
47 69 65
48 34 25
48 38 35
48 53 30
48 78 90
49 24 3
49 26 0
49 36 29
49 70 67
50 28 44
50 38 29
50 51 43
50 74 14
51 13 2
51 15 41
51 70 33
51 77 31
52 20 80
52 25 90
52 35 11
52 42 26
53 33 89
53 34 86
53 43 47
53 82 5
54 0 61
54 60 57
54 76 80
54 81 69
55 13 46
55 23 52
55 27 27
55 86 32
56 11 51
56 57 64
56 61 83
56 89 84
57 41 87
57 69 70
57 86 55
57 88 16
58 8 23
58 29 92
58 46 87
58 48 33
59 60 14
59 61 91
59 64 30
59 88 54
60 1 82
60 58 70
60 82 58
60 91 90
61 58 42
61 62 23
61 92 73
61 94 70
62 1 2
62 4 6
62 6 51
62 33 25
63 29 67
63 30 18
63 75 32
63 89 78
64 11 58
64 21 1
64 30 8
64 40 11
65 1 50
65 14 45
65 22 14
65 44 81
66 13 39
66 48 77
66 91 10
66 92 37
67 3 95
67 52 63
67 54 3
67 78 42
68 16 9
68 24 80
68 48 77
68 49 5
69 40 22
69 48 22
69 68 40
69 85 60
70 19 95
70 28 33
70 40 64
70 59 71
71 0 13
71 10 9
71 23 15
71 92 46
72 3 86
72 11 16
72 42 38
72 67 27
73 35 80
73 70 82
73 78 88
73 84 4
74 34 54
74 46 61
74 54 42
74 56 13
75 45 5
75 60 17
75 64 88
75 80 10
76 33 57
76 46 77
76 52 95
76 56 26
77 22 67
77 32 39
77 69 31
77 83 79
78 47 84
78 61 49
78 75 32
78 93 26
79 10 15
79 35 56
79 50 52
79 65 17
80 39 21
80 50 66
80 61 72
80 95 84
81 6 94
81 9 44
81 47 58
81 55 89
82 9 51
82 20 29
82 56 17
82 65 68
83 50 4
83 74 75
83 81 63
83 87 59
84 4 34
84 23 46
84 31 50
84 79 68
85 49 0
85 68 65
85 87 6
85 94 94
86 27 83
86 37 75
86 65 73
86 76 93
87 3 71
87 29 14
87 77 73
87 80 11
88 32 7
88 51 76
88 56 36
88 81 24
89 39 13
89 41 92
89 58 62
89 59 1
90 12 28
90 18 19
90 85 24
90 88 69
91 21 1
91 21 9
91 73 37
91 74 40
92 20 92
92 45 86
92 46 43
92 64 79
93 10 9
93 16 39
93 51 59
93 76 62
94 4 47
94 11 79
94 30 48
94 92 60
95 7 87
95 32 3
95 35 50
95 90 63
