0 0 0
0 5 19
0 5 20
0 15 19
1 1 13
1 2 18
1 7 9
1 7 16
2 0 22
2 6 22
2 13 6
2 16 11
3 2 3
3 12 1
3 12 12
3 18 1
4 14 6
4 21 13
4 22 1
4 22 9
5 3 15
5 13 21
5 18 23
5 19 19
6 4 4
6 9 2
6 11 10
6 12 22
7 4 6
7 6 6
7 14 8
7 19 23
8 13 9
8 15 8
8 17 8
8 23 15
9 3 16
9 8 4
9 14 17
9 20 21
10 8 12
10 13 20
10 15 20
10 17 15
11 8 2
11 10 20
11 16 18
11 20 13
12 7 4
12 17 21
12 21 2
12 23 5
13 9 14
13 10 0
13 17 9
13 22 8
14 4 18
14 18 3
14 20 7
14 20 19
15 12 5
15 15 12
15 16 17
15 23 7
16 1 3
16 5 10
16 6 17
16 10 16
17 3 2
17 8 5
17 9 4
17 14 7
18 3 14
18 6 0
18 9 16
18 19 15
19 0 7
19 5 13
19 11 0
19 21 23
20 0 3
20 10 5
20 11 12
20 18 17
21 1 10
21 2 22
21 11 18
21 22 10
22 2 14
22 4 23
22 16 11
22 19 11
23 1 11
23 7 21
23 21 1
23 23 14
