0 0 0
0 14 21
0 30 8
0 31 2
1 4 7
1 19 3
1 27 11
1 29 28
2 8 25
2 9 17
2 18 19
2 26 24
3 8 20
3 11 18
3 17 29
3 28 25
4 3 4
4 9 31
4 11 6
4 25 6
5 5 14
5 6 15
5 12 9
5 26 11
6 4 14
6 13 25
6 20 29
6 30 16
7 4 14
7 16 13
7 26 12
7 27 23
8 5 5
8 6 10
8 10 14
8 22 20
9 2 1
9 9 8
9 12 27
9 19 30
10 11 22
10 28 22
10 29 19
10 31 20
11 14 11
11 21 6
11 21 24
11 28 24
12 3 27
12 24 0
12 24 8
12 28 28
13 3 19
13 5 19
13 15 1
13 17 16
14 12 9
14 18 30
14 21 2
14 21 27
15 2 2
15 2 17
15 10 4
15 23 3
16 8 1
16 9 10
16 13 13
16 31 30
17 6 12
17 10 4
17 23 28
17 25 28
18 7 7
18 14 1
18 16 6
18 20 15
19 0 4
19 1 13
19 19 8
19 30 29
20 7 17
20 14 15
20 22 26
20 25 21
21 7 9
21 17 26
21 23 0
21 23 18
22 17 22
22 25 22
22 30 31
22 31 18
23 1 25
23 3 27
23 13 26
23 16 21
24 7 31
24 10 29
24 12 20
24 19 7
25 15 9
25 18 12
25 22 17
25 22 23
26 0 16
26 20 11
26 24 18
26 27 26
27 6 5
27 15 2
27 15 10
27 16 13
28 0 30
28 4 3
28 18 7
28 20 23
29 11 3
29 13 23
29 24 16
29 29 5
30 1 12
30 1 21
30 26 10
30 29 15
31 2 0
31 5 5
31 8 31
31 27 24
