0 44 57
0 67 23
0 71 79
0 94 6
1 2 59
1 4 77
1 59 19
1 85 50
2 9 3
2 25 84
2 31 22
2 89 76
3 15 28
3 61 83
3 69 59
3 88 83
4 42 93
4 68 54
4 76 72
4 77 47
5 22 33
5 48 49
5 50 50
5 91 70
6 6 81
6 10 54
6 40 12
6 84 87
7 29 85
7 46 70
7 53 2
7 60 27
8 12 87
8 28 17
8 85 42
8 86 31
9 11 91
9 25 10
9 64 57
9 92 37
10 20 71
10 35 90
10 62 65
10 83 7
11 7 56
11 46 28
11 86 61
11 90 53
12 27 5
12 41 7
12 82 0
12 95 24
13 44 73
13 53 62
13 54 95
13 68 86
14 0 8
14 4 74
14 23 67
14 25 60
15 31 15
15 79 43
15 81 26
15 82 23
16 1 86
16 50 80
16 54 22
16 71 46
17 8 3
17 52 81
17 63 63
17 63 82
18 12 45
18 32 41
18 51 18
18 72 7
19 8 39
19 18 36
19 65 42
19 66 13
20 14 59
20 14 66
20 34 44
20 94 44
21 1 83
21 10 31
21 51 24
21 79 63
22 7 44
22 20 10
22 65 51
22 78 64
23 26 86
23 34 73
23 40 29
23 49 80
24 45 5
24 59 71
24 61 41
24 75 9
25 38 32
25 39 26
25 58 11
25 78 18
26 17 4
26 39 89
26 43 14
26 89 73
27 19 34
27 24 73
27 39 10
27 52 71
28 0 61
28 5 9
28 70 12
28 85 21
29 10 64
29 22 78
29 65 11
29 72 34
30 0 90
30 3 66
30 17 92
30 42 47
31 4 28
31 21 8
31 76 11
31 79 51
32 9 10
32 14 58
32 35 8
32 58 2
33 35 47
33 37 1
33 73 13
33 93 36
34 2 31
34 22 20
34 30 48
34 60 90
35 47 76
35 56 70
35 61 26
35 92 36
36 32 16
36 32 79
36 58 82
36 90 68
37 19 29
37 26 21
37 49 5
37 78 93
38 44 55
38 44 80
38 57 53
38 71 94
39 45 57
39 55 62
39 62 95
39 94 11
40 19 14
40 38 65
40 92 59
40 94 4
41 13 16
41 29 74
41 37 50
41 48 90
42 18 69
42 21 51
42 31 63
42 73 75
43 33 87
43 51 6
43 62 78
43 91 69
44 2 93
44 18 8
44 43 4
44 85 0
45 6 45
45 6 60
45 26 49
45 74 54
46 8 91
46 23 65
46 66 46
46 70 1
47 7 35
47 29 91
47 37 20
47 67 66
48 21 41
48 22 86
48 28 27
48 54 38
49 1 79
49 23 1
49 36 83
49 88 58
50 5 27
50 11 76
50 57 32
50 81 30
51 25 80
51 77 88
51 84 42
51 90 13
52 27 6
52 42 38
52 52 33
52 87 58
53 6 58
53 59 45
53 61 39
53 87 84
54 36 60
54 45 67
54 83 43
54 91 56
55 5 44
55 17 77
55 41 33
55 79 38
56 11 31
56 56 60
56 72 26
56 80 17
57 11 48
57 46 41
57 75 40
57 87 9
58 24 55
58 36 3
58 36 94
58 64 62
59 46 74
59 49 49
59 60 72
59 95 85
60 17 55
60 53 55
60 69 30
60 70 57
61 18 35
61 51 36
61 55 29
61 81 91
62 20 40
62 30 15
62 52 24
62 64 20
63 0 46
63 3 88
63 7 49
63 24 62
64 4 0
64 38 17
64 45 52
64 66 22
65 5 46
65 15 79
65 65 56
65 92 81
66 13 48
66 20 40
66 63 3
66 74 35
67 48 88
67 84 89
67 86 43
67 93 37
68 57 92
68 67 72
68 77 47
68 84 89
69 27 71
69 49 19
69 68 32
69 73 2
70 43 25
70 43 85
70 59 39
70 66 33
71 10 93
71 13 22
71 15 27
71 73 37
72 21 25
72 33 84
72 33 94
72 88 52
73 19 25
73 37 21
73 56 28
73 71 52
74 47 37
74 50 81
74 57 67
74 86 45
75 41 68
75 42 7
75 76 69
75 78 68
76 3 29
76 47 85
76 81 76
76 82 94
77 16 40
77 76 69
77 80 82
77 93 13
78 12 18
78 83 9
78 93 32
78 95 65
79 12 16
79 24 0
79 28 74
79 32 77
80 29 39
80 54 18
80 55 43
80 67 92
81 9 25
81 23 14
81 56 16
81 70 4
82 14 50
82 33 30
82 41 78
82 75 34
83 30 6
83 34 17
83 55 53
83 89 64
84 1 35
84 34 52
84 68 23
84 95 88
85 27 75
85 35 24
85 83 68
85 90 70
86 8 42
86 15 23
86 28 67
86 31 56
87 2 66
87 40 89
87 64 2
87 74 75
88 39 84
88 58 61
88 69 72
88 80 48
89 16 30
89 16 95
89 60 92
89 91 63
90 50 87
90 77 78
90 87 38
90 88 12
91 47 77
91 53 20
91 62 12
91 72 64
92 3 21
92 16 5
92 40 95
92 74 75
93 13 15
93 69 15
93 82 34
93 89 51
94 26 19
94 48 61
94 63 82
94 75 53
95 9 14
95 30 54
95 38 1
95 80 19
