0 22 18
0 26 26
0 30 8
0 31 17
1 3 27
1 7 3
1 14 3
1 17 8
2 2 10
2 11 23
2 16 24
2 20 26
3 4 5
3 10 9
3 11 10
3 19 6
4 0 2
4 9 13
4 11 30
4 28 2
5 1 5
5 1 27
5 4 4
5 31 16
6 3 15
6 5 18
6 5 26
6 25 25
7 4 31
7 10 31
7 17 21
7 21 23
8 2 29
8 7 24
8 8 19
8 19 11
9 0 4
9 16 22
9 20 2
9 22 6
10 9 4
10 12 5
10 14 13
10 29 11
11 8 14
11 17 14
11 19 25
11 29 23
12 5 8
12 5 9
12 24 22
12 30 19
13 2 3
13 13 10
13 18 12
13 26 15
14 7 24
14 10 20
14 22 3
14 23 17
15 0 11
15 13 28
15 19 19
15 20 30
16 21 7
16 21 29
16 28 7
16 31 6
17 7 16
17 11 26
17 25 4
17 29 28
18 6 15
18 8 9
18 15 20
18 23 29
19 1 5
19 1 14
19 6 1
19 12 14
20 13 0
20 13 13
20 20 7
20 24 12
21 6 22
21 12 24
21 23 16
21 28 31
22 12 25
22 14 27
22 17 29
22 30 18
23 9 10
23 15 13
23 15 19
23 28 21
24 0 18
24 3 6
24 4 1
24 18 22
25 3 21
25 29 9
25 30 8
25 31 21
26 2 12
26 9 1
26 16 28
26 27 12
27 6 30
27 15 0
27 23 17
27 24 30
28 10 20
28 21 0
28 25 17
28 26 25
29 22 16
29 26 31
29 27 2
29 27 20
30 14 7
30 16 15
30 18 0
30 25 27
31 8 1
31 18 28
31 24 11
31 27 23
