0 9 15
0 19 1
0 19 20
0 20 16
1 10 14
1 11 3
1 11 15
1 14 18
2 2 2
2 2 10
2 21 18
2 23 4
3 1 15
3 1 22
3 15 11
3 17 9
4 11 4
4 12 2
4 15 9
4 21 5
5 0 23
5 11 4
5 13 1
5 22 12
6 3 3
6 5 2
6 6 13
6 18 16
7 6 9
7 10 14
7 19 17
7 20 10
8 7 0
8 9 19
8 10 19
8 14 8
9 3 6
9 4 0
9 6 23
9 12 7
10 0 7
10 4 4
10 4 22
10 22 12
11 7 3
11 13 19
11 14 0
11 22 6
12 1 8
12 7 1
12 9 5
12 16 8
13 0 20
13 15 19
13 19 18
13 23 21
14 8 7
14 8 12
14 13 7
14 16 11
15 12 13
15 12 23
15 16 10
15 23 3
16 10 14
16 20 14
16 21 16
16 22 6
17 1 9
17 14 12
17 18 6
17 21 2
18 8 21
18 9 20
18 15 20
18 17 17
19 3 17
19 5 17
19 6 18
19 23 22
20 0 11
20 2 16
20 3 11
20 8 21
21 2 22
21 5 8
21 7 15
21 20 5
22 16 1
22 17 21
22 18 0
22 18 23
23 4 10
23 5 13
23 13 13
23 17 5
