0 6 53
0 13 0
0 29 46
0 61 28
1 1 49
1 3 26
1 32 0
1 57 63
2 5 15
2 10 14
2 28 23
2 57 43
3 9 30
3 11 60
3 21 25
3 63 30
4 2 14
4 20 2
4 48 45
4 51 19
5 2 22
5 11 41
5 22 54
5 49 23
6 19 34
6 27 62
6 28 27
6 45 61
7 30 48
7 31 21
7 41 39
7 46 8
8 9 9
8 32 16
8 41 13
8 58 4
9 6 27
9 7 51
9 20 55
9 43 22
10 17 11
10 36 54
10 38 1
10 46 29
11 8 24
11 19 24
11 51 31
11 55 50
12 5 58
12 6 50
12 7 14
12 40 1
13 24 62
13 31 63
13 43 28
13 47 9
14 22 12
14 24 26
14 28 35
14 36 10
15 3 55
15 25 2
15 25 6
15 42 38
16 11 8
16 34 39
16 47 42
16 48 38
17 0 31
17 13 23
17 36 52
17 42 44
18 17 9
18 22 59
18 52 12
18 60 33
19 18 33
19 51 21
19 61 18
19 61 29
20 11 34
20 18 55
20 22 61
20 28 22
21 10 26
21 13 19
21 14 40
21 55 41
22 10 16
22 46 59
22 59 7
22 60 12
23 16 11
23 53 57
23 59 3
23 62 56
24 5 32
24 12 34
24 19 31
24 50 3
25 3 44
25 15 24
25 25 54
25 31 25
26 4 7
26 23 61
26 45 13
26 60 60
27 21 17
27 26 9
27 36 10
27 46 53
28 18 56
28 35 40
28 43 0
28 62 49
29 1 45
29 37 18
29 42 32
29 50 12
30 12 35
30 30 57
30 38 16
30 54 28
31 1 13
31 2 26
31 33 23
31 56 5
32 10 37
32 49 16
32 59 37
32 62 37
33 7 25
33 26 5
33 53 22
33 54 42
34 0 10
34 16 29
34 51 5
34 52 4
35 21 28
35 24 51
35 49 47
35 58 58
36 15 7
36 33 30
36 49 62
36 53 39
37 7 2
37 39 4
37 52 21
37 55 48
38 8 4
38 44 59
38 47 7
38 54 46
39 9 18
39 16 63
39 37 43
39 41 11
40 14 52
40 25 56
40 44 42
40 63 57
41 19 60
41 44 47
41 50 20
41 60 20
42 4 63
42 15 59
42 21 30
42 48 40
43 34 62
43 37 3
43 40 27
43 61 13
44 17 46
44 18 27
44 27 55
44 50 41
45 17 11
45 33 46
45 34 47
45 45 45
46 12 6
46 13 35
46 32 20
46 42 33
47 14 48
47 15 6
47 29 39
47 39 15
48 1 15
48 6 17
48 35 36
48 47 50
49 2 15
49 16 34
49 29 45
49 35 41
50 14 17
50 52 33
50 56 20
50 63 14
51 0 53
51 38 32
51 45 48
51 54 32
52 26 36
52 35 3
52 41 19
52 57 10
53 4 44
53 20 49
53 27 25
53 56 8
54 32 36
54 33 47
54 44 2
54 62 42
55 29 43
55 39 40
55 40 38
55 48 5
56 31 51
56 53 31
56 59 36
56 63 17
57 24 1
57 30 0
57 38 54
57 40 19
58 0 52
58 23 37
58 55 52
58 58 1
59 3 18
59 12 8
59 23 58
59 57 49
60 8 6
60 8 43
60 9 51
60 27 60
61 23 24
61 26 56
61 34 21
61 56 44
62 20 50
62 37 57
62 39 53
62 58 58
63 4 35
63 5 61
63 30 29
63 43 38
