0 14 29
0 16 3
0 27 5
0 29 15
1 0 14
1 23 10
1 25 22
1 29 21
2 1 13
2 12 6
2 18 1
2 23 16
3 10 5
3 12 9
3 19 14
3 31 13
4 2 11
4 20 27
4 29 15
4 29 28
5 6 15
5 6 27
5 20 18
5 30 11
6 0 9
6 9 20
6 13 22
6 19 20
7 4 19
7 13 9
7 17 13
7 30 29
8 4 20
8 10 12
8 10 19
8 13 6
9 7 6
9 9 4
9 12 30
9 25 8
10 2 26
10 14 23
10 15 21
10 25 25
11 5 30
11 16 29
11 17 2
11 26 28
12 3 12
12 11 26
12 15 22
12 22 14
13 9 18
13 10 17
13 27 31
13 28 20
14 6 0
14 15 8
14 18 25
14 31 24
15 12 11
15 17 7
15 22 3
15 28 23
16 7 28
16 13 26
16 16 10
16 19 8
17 14 18
17 18 2
17 18 27
17 27 29
18 1 4
18 3 22
18 5 7
18 28 18
19 4 15
19 11 1
19 24 21
19 30 7
20 5 2
20 6 10
20 8 4
20 21 3
21 19 25
21 26 6
21 31 26
21 31 30
22 8 0
22 24 0
22 24 3
22 24 12
23 1 8
23 8 5
23 8 23
23 9 24
24 1 13
24 15 10
24 21 7
24 28 31
25 7 25
25 21 12
25 23 31
25 27 23
26 3 19
26 4 1
26 5 17
26 16 2
27 2 24
27 17 4
27 20 19
27 26 5
28 0 17
28 11 16
28 14 21
28 22 0
29 0 24
29 21 14
29 23 11
29 30 30
30 2 28
30 7 9
30 20 16
30 22 16
31 3 27
31 11 1
31 25 31
31 26 17
