0 5 124
0 45 79
0 85 99
0 106 127
1 12 63
1 20 57
1 75 77
1 107 96
2 30 6
2 43 125
2 97 72
2 113 112
3 7 92
3 48 103
3 76 99
3 117 44
4 41 122
4 82 9
4 87 117
4 98 26
5 0 116
5 8 118
5 25 58
5 31 64
6 13 97
6 52 4
6 56 9
6 101 113
7 13 48
7 32 31
7 36 108
7 68 38
8 49 89
8 94 36
8 95 41
8 97 30
9 63 58
9 72 23
9 89 25
9 108 85
10 60 109
10 114 24
10 120 80
10 124 104
11 35 107
11 37 49
11 44 103
11 74 2
12 16 20
12 24 82
12 96 21
12 108 83
13 1 38
13 18 71
13 80 7
13 94 123
14 9 22
14 37 55
14 44 39
14 76 96
15 8 108
15 51 28
15 61 110
15 94 15
16 15 125
16 21 85
16 38 21
16 99 79
17 1 61
17 3 88
17 58 102
17 89 23
18 0 10
18 19 33
18 57 37
18 84 100
19 28 109
19 56 59
19 109 105
19 114 119
20 0 25
20 14 95
20 57 84
20 79 53
21 4 5
21 93 7
21 102 102
21 120 115
22 2 68
22 28 102
22 60 75
22 100 109
23 2 110
23 34 19
23 58 47
23 105 73
24 11 69
24 88 45
24 89 34
24 125 114
25 39 41
25 55 106
25 125 95
25 126 54
26 16 37
26 31 28
26 124 44
26 127 48
27 15 102
27 41 87
27 49 80
27 51 55
28 6 12
28 40 89
28 90 33
28 93 62
29 23 11
29 51 88
29 73 67
29 111 59
30 9 105
30 38 14
30 47 93
30 96 17
31 5 120
31 26 97
31 95 61
31 117 17
32 21 44
32 27 34
32 53 35
32 98 17
33 4 54
33 16 54
33 33 27
33 41 67
34 70 15
34 75 54
34 75 69
34 96 62
35 1 124
35 18 107
35 49 107
35 65 77
36 19 81
36 46 126
36 54 3
36 77 71
37 7 0
37 62 71
37 86 84
37 99 4
38 54 13
38 61 53
38 110 80
38 118 76
39 32 74
39 63 29
39 85 71
39 117 98
40 2 5
40 90 11
40 125 95
40 126 27
41 42 33
41 43 36
41 47 9
41 66 45
42 33 104
42 87 1
42 108 34
42 127 15
43 25 94
43 55 16
43 100 52
43 118 108
44 24 87
44 60 112
44 72 115
44 90 14
45 76 115
45 77 96
45 121 110
45 126 94
46 72 13
46 84 124
46 93 43
46 104 76
47 29 98
47 35 29
47 59 18
47 85 81
48 22 0
48 68 6
48 100 91
48 122 24
49 10 65
49 18 8
49 36 122
49 98 0
50 8 45
50 31 39
50 91 120
50 125 51
51 22 85
51 45 72
51 52 56
51 66 97
52 69 70
52 92 19
52 110 124
52 119 114
53 23 125
53 42 72
53 97 58
53 116 76
54 43 4
54 49 55
54 103 64
54 107 74
55 30 37
55 73 66
55 93 75
55 123 42
56 12 113
56 64 47
56 72 118
56 112 69
57 11 46
57 30 86
57 58 35
57 82 17
58 1 64
58 15 70
58 116 96
58 120 118
59 6 81
59 44 82
59 62 1
59 108 59
60 6 120
60 71 63
60 99 67
60 114 15
61 8 103
61 10 95
61 80 26
61 101 113
62 20 37
62 63 38
62 68 88
62 116 123
63 31 64
63 34 89
63 70 125
63 78 121
64 4 119
64 42 86
64 78 13
64 121 83
65 10 109
65 51 91
65 69 104
65 97 90
66 101 52
66 118 18
66 121 57
66 123 101
67 28 50
67 59 49
67 69 27
67 73 41
68 6 42
68 32 78
68 37 52
68 70 65
69 45 90
69 56 21
69 92 114
69 126 2
70 33 29
70 113 50
70 122 12
70 123 58
71 21 51
71 44 22
71 81 112
71 90 106
72 17 74
72 53 111
72 79 123
72 84 72
73 5 86
73 57 87
73 91 67
73 119 68
74 23 89
74 50 106
74 74 30
74 110 65
75 83 40
75 88 13
75 98 61
75 115 112
76 24 63
76 45 69
76 73 1
76 78 40
77 14 48
77 27 10
77 95 11
77 112 126
78 24 108
78 27 62
78 79 28
78 105 35
79 46 60
79 83 57
79 92 127
79 120 60
80 17 99
80 28 79
80 48 83
80 77 75
81 3 81
81 83 79
81 104 68
81 113 6
82 14 29
82 41 51
82 100 28
82 113 8
83 7 50
83 70 48
83 107 10
83 110 33
84 3 84
84 17 77
84 35 99
84 96 101
85 29 77
85 36 126
85 53 20
85 103 101
86 0 70
86 29 19
86 30 70
86 89 103
87 9 46
87 22 57
87 35 27
87 71 14
88 58 73
88 62 120
88 71 39
88 111 60
89 29 66
89 75 82
89 121 122
89 122 117
90 5 41
90 26 52
90 36 74
90 67 62
91 34 36
91 54 43
91 59 116
91 107 16
92 48 36
92 60 2
92 62 121
92 102 34
93 40 119
93 80 56
93 81 119
93 95 91
94 59 80
94 64 55
94 71 60
94 103 35
95 7 61
95 12 53
95 19 8
95 124 78
96 3 44
96 57 6
96 67 22
96 111 9
97 40 127
97 76 116
97 105 122
97 112 110
98 34 4
98 86 50
98 104 7
98 123 43
99 16 85
99 25 23
99 26 105
99 64 19
100 54 92
100 56 123
100 81 98
100 106 94
101 18 101
101 65 82
101 69 116
101 127 49
102 11 47
102 47 75
102 55 32
102 119 76
103 43 115
103 52 3
103 65 49
103 66 111
104 38 106
104 50 5
104 87 92
104 92 0
105 25 7
105 102 88
105 109 78
105 114 56
106 39 117
106 48 40
106 50 66
106 122 93
107 22 25
107 47 18
107 81 23
107 124 30
108 26 3
108 55 94
108 88 93
108 101 90
109 20 20
109 37 73
109 80 100
109 82 31
110 19 1
110 42 24
110 87 104
110 115 97
111 74 16
111 78 100
111 104 12
111 116 43
112 4 32
112 15 45
112 40 11
112 106 38
113 13 105
113 66 111
113 105 117
113 115 47
114 2 51
114 27 2
114 33 46
114 65 107
115 9 53
115 20 68
115 46 30
115 77 93
116 32 5
116 38 121
116 61 90
116 127 26
117 39 121
117 91 32
117 99 111
117 102 59
118 64 39
118 68 42
118 84 20
118 109 8
119 12 114
119 67 87
119 85 127
119 88 26
120 61 100
120 91 16
120 103 10
120 117 21
121 17 18
121 23 32
121 94 3
121 119 113
122 21 86
122 74 65
122 83 12
122 115 73
123 50 84
123 63 63
123 67 91
123 106 31
124 39 118
124 46 22
124 109 83
124 118 31
125 10 126
125 53 66
125 82 78
125 86 25
126 11 46
126 79 98
126 111 40
126 112 42
127 13 24
127 14 14
127 52 92
127 86 56
