0 18 20
0 24 0
0 43 35
0 46 33
1 12 2
1 16 19
1 31 42
1 33 44
2 11 0
2 31 8
2 34 11
2 47 20
3 9 18
3 10 36
3 30 12
3 35 3
4 6 1
4 9 13
4 24 13
4 41 6
5 15 39
5 20 5
5 32 34
5 46 29
6 4 2
6 17 18
6 29 34
6 37 15
7 9 17
7 16 6
7 22 6
7 30 3
8 3 7
8 9 16
8 21 24
8 45 46
9 19 17
9 23 23
9 29 19
9 41 42
10 13 17
10 26 10
10 34 13
10 42 26
11 20 24
11 21 24
11 36 22
11 40 43
12 18 26
12 30 5
12 37 4
12 38 8
13 5 40
13 32 8
13 35 14
13 37 12
14 25 37
14 26 4
14 42 23
14 42 41
15 1 38
15 17 44
15 20 9
15 38 12
16 2 32
16 7 30
16 33 40
16 45 39
17 0 28
17 15 46
17 41 8
17 47 30
18 7 14
18 17 5
18 38 20
18 47 45
19 5 44
19 24 9
19 26 7
19 45 40
20 6 12
20 13 36
20 30 7
20 44 3
21 11 10
21 21 45
21 39 32
21 39 36
22 12 27
22 20 41
22 23 23
22 45 30
23 10 1
23 11 16
23 27 38
23 36 34
24 14 42
24 22 0
24 24 33
24 43 20
25 2 30
25 11 18
25 22 41
25 34 31
26 0 11
26 13 47
26 27 15
26 27 21
27 1 4
27 1 38
27 25 25
27 34 29
28 19 21
28 28 43
28 31 14
28 33 47
29 3 2
29 7 46
29 8 41
29 35 35
30 18 43
30 26 27
30 28 28
30 40 21
31 5 11
31 15 25
31 28 43
31 35 26
32 22 9
32 37 16
32 44 32
32 47 26
33 4 3
33 8 11
33 8 45
33 32 35
34 25 17
34 28 47
34 29 22
34 33 28
35 25 4
35 27 31
35 39 32
35 41 19
36 14 1
36 15 37
36 43 15
36 44 6
37 2 46
37 17 31
37 36 36
37 46 27
38 7 37
38 13 29
38 32 39
38 40 21
39 12 5
39 14 13
39 36 18
39 38 25
40 3 7
40 16 10
40 31 27
40 40 24
41 6 40
41 14 35
41 19 28
41 29 34
42 4 16
42 6 19
42 12 39
42 42 45
43 0 22
43 10 22
43 19 38
43 44 44
44 10 29
44 21 0
44 23 31
44 23 37
45 1 10
45 4 2
45 8 42
45 46 23
46 2 33
46 5 33
46 18 14
46 39 9
47 0 25
47 3 47
47 16 1
47 43 15
