0 24 2
0 49 8
0 49 98
0 116 0
1 18 46
1 19 4
1 97 109
1 124 110
2 15 39
2 35 55
2 66 105
2 125 74
3 25 105
3 101 127
3 120 127
3 126 126
4 2 65
4 7 118
4 35 38
4 42 1
5 23 4
5 98 58
5 111 65
5 123 112
6 31 28
6 39 90
6 62 52
6 105 103
7 21 72
7 39 25
7 42 101
7 87 62
8 30 16
8 54 3
8 86 25
8 124 100
9 26 95
9 31 12
9 62 20
9 72 127
10 11 9
10 14 30
10 37 81
10 62 23
11 13 51
11 64 68
11 90 57
11 99 68
12 14 108
12 48 62
12 78 21
12 117 18
13 18 91
13 44 126
13 110 116
13 119 12
14 9 57
14 35 106
14 106 5
14 118 24
15 13 110
15 23 56
15 32 36
15 105 112
16 12 91
16 22 41
16 38 16
16 92 5
17 11 93
17 58 105
17 67 29
17 114 45
18 47 109
18 79 108
18 84 26
18 123 54
19 69 73
19 71 57
19 81 76
19 119 102
20 61 51
20 78 70
20 92 17
20 115 116
21 4 35
21 15 20
21 98 3
21 116 122
22 59 72
22 63 117
22 89 26
22 110 19
23 24 29
23 53 97
23 87 61
23 105 119
24 31 97
24 70 45
24 112 33
24 116 14
25 84 0
25 98 8
25 105 89
25 109 18
26 22 66
26 60 89
26 87 27
26 93 98
27 6 40
27 9 85
27 37 24
27 85 74
28 0 60
28 44 64
28 108 32
28 115 78
29 15 41
29 32 31
29 91 67
29 100 70
30 28 113
30 73 27
30 95 51
30 104 14
31 26 10
31 45 29
31 47 67
31 59 52
32 33 48
32 35 1
32 37 28
32 77 50
33 1 127
33 22 44
33 36 10
33 126 114
34 1 33
34 89 21
34 94 9
34 114 4
35 0 84
35 51 96
35 54 124
35 86 86
36 12 106
36 20 20
36 21 81
36 30 37
37 34 92
37 78 39
37 90 101
37 103 60
38 7 27
38 28 121
38 46 110
38 81 108
39 18 11
39 27 108
39 74 32
39 106 94
40 41 42
40 47 10
40 50 56
40 79 90
41 33 35
41 75 17
41 82 125
41 123 15
42 39 115
42 40 83
42 77 69
42 100 25
43 0 30
43 13 41
43 55 66
43 102 123
44 7 26
44 41 14
44 57 86
44 116 95
45 45 69
45 58 84
45 86 52
45 87 32
46 3 36
46 6 56
46 70 79
46 109 28
47 48 8
47 71 26
47 80 118
47 124 44
48 33 66
48 36 94
48 57 11
48 103 121
49 20 96
49 40 19
49 57 56
49 86 93
50 51 22
50 81 46
50 93 37
50 108 36
51 10 97
51 23 107
51 68 102
51 118 78
52 10 115
52 16 109
52 60 44
52 69 36
53 65 6
53 93 59
53 97 61
53 121 46
54 42 24
54 43 43
54 51 87
54 70 47
55 17 43
55 45 75
55 61 53
55 106 50
56 50 84
56 94 120
56 108 68
56 118 19
57 11 74
57 63 73
57 80 77
57 82 16
58 10 1
58 73 63
58 95 67
58 122 9
59 16 122
59 58 54
59 76 7
59 93 114
60 43 63
60 48 104
60 49 54
60 127 92
61 12 98
61 21 117
61 56 104
61 65 85
62 34 21
62 57 20
62 102 112
62 120 88
63 67 87
63 82 90
63 97 49
63 100 23
64 32 57
64 38 121
64 52 125
64 90 22
65 44 22
65 103 52
65 109 119
65 126 51
66 8 101
66 45 12
66 83 89
66 113 23
67 7 11
67 54 113
67 64 95
67 102 111
68 53 118
68 83 82
68 83 88
68 107 124
69 32 117
69 60 50
69 77 31
69 88 32
70 5 77
70 16 49
70 55 47
70 99 39
71 51 64
71 99 30
71 112 73
71 127 48
72 9 90
72 14 18
72 20 83
72 27 124
73 63 88
73 80 5
73 85 60
73 119 111
74 3 17
74 78 62
74 121 0
74 125 117
75 4 35
75 52 102
75 68 96
75 71 6
76 5 82
76 12 77
76 67 111
76 97 49
77 2 99
77 13 25
77 46 45
77 59 78
78 17 59
78 26 34
78 30 72
78 40 123
79 38 107
79 56 42
79 62 65
79 104 12
80 28 125
80 64 13
80 73 84
80 83 123
81 21 120
81 53 50
81 55 119
81 103 107
82 25 61
82 54 7
82 94 67
82 111 73
83 8 4
83 91 69
83 96 123
83 122 85
84 1 59
84 26 64
84 41 70
84 76 80
85 6 15
85 30 99
85 96 124
85 104 75
86 34 78
86 46 104
86 73 33
86 89 2
87 3 119
87 72 8
87 115 71
87 122 94
88 22 109
88 38 2
88 76 96
88 119 112
89 5 126
89 10 115
89 112 39
89 113 41
90 48 61
90 88 3
90 111 13
90 126 74
91 20 53
91 92 0
91 108 16
91 125 106
92 5 94
92 88 122
92 113 115
92 122 1
93 2 100
93 31 28
93 44 75
93 85 43
94 15 54
94 39 38
94 42 98
94 115 70
95 27 103
95 41 55
95 94 99
95 101 9
96 43 87
96 49 116
96 75 75
96 114 53
97 2 7
97 8 105
97 66 33
97 98 76
98 29 34
98 68 11
98 101 104
98 110 107
99 43 68
99 63 40
99 76 92
99 102 38
100 9 120
100 52 113
100 69 27
100 110 30
101 19 91
101 36 31
101 90 42
101 120 80
102 29 43
102 66 2
102 81 92
102 85 18
103 37 71
103 50 81
103 107 3
103 107 125
104 46 34
104 84 106
104 99 13
104 114 55
105 3 71
105 68 15
105 96 88
105 111 34
106 6 31
106 58 53
106 88 58
106 125 64
107 29 83
107 79 62
107 95 40
107 113 103
108 11 38
108 40 47
108 91 79
108 123 89
109 24 13
109 28 97
109 65 22
109 101 101
110 29 71
110 59 59
110 74 19
110 91 63
111 17 100
111 18 80
111 70 87
111 71 80
112 19 35
112 25 118
112 33 76
112 55 126
113 65 6
113 84 37
113 96 114
113 120 121
114 34 82
114 36 93
114 79 55
114 107 82
115 1 49
115 17 23
115 72 103
115 112 113
116 14 6
116 23 95
116 106 79
116 121 66
117 8 111
117 56 76
117 61 5
117 109 72
118 0 102
118 74 58
118 82 15
118 92 93
119 25 81
119 75 86
119 80 120
119 118 116
120 19 48
120 56 37
120 64 44
120 127 48
121 77 110
121 104 14
121 121 91
121 124 69
122 4 79
122 66 7
122 117 100
122 117 114
123 4 83
123 27 42
123 47 17
123 89 45
124 16 122
124 52 77
124 67 21
124 117 65
125 61 63
125 69 46
125 72 58
125 100 24
126 24 60
126 53 47
126 75 40
126 95 85
127 50 99
127 60 86
127 74 10
127 127 29
