0 6 0
0 6 20
0 10 4
0 15 21
1 1 15
1 5 6
1 16 15
1 21 16
2 3 12
2 15 7
2 21 11
2 22 11
3 6 7
3 13 2
3 14 17
3 23 15
4 1 3
4 2 2
4 2 15
4 4 20
5 0 0
5 3 5
5 5 22
5 11 3
6 7 23
6 8 6
6 17 3
6 19 19
7 10 8
7 16 19
7 18 22
7 21 20
8 3 12
8 7 4
8 9 10
8 16 21
9 5 16
9 9 1
9 11 5
9 13 6
10 11 8
10 20 14
10 23 19
10 23 23
11 2 13
11 12 7
11 14 13
11 20 17
12 3 4
12 14 9
12 19 10
12 21 17
13 4 13
13 5 7
13 8 14
13 14 5
14 0 22
14 17 1
14 20 13
14 22 2
15 7 18
15 12 10
15 12 20
15 22 21
16 0 9
16 8 16
16 18 9
16 19 9
17 2 1
17 9 8
17 10 14
17 20 14
18 13 8
18 13 21
18 15 18
18 18 19
19 0 11
19 8 6
19 11 5
19 12 12
20 4 2
20 6 3
20 10 23
20 23 4
21 15 22
21 17 0
21 17 1
21 22 11
22 4 18
22 9 18
22 18 12
22 19 23
23 1 10
23 1 17
23 7 16
23 16 0
