0 5 44
0 33 1
0 41 19
0 44 28
1 3 3
1 14 43
1 15 30
1 40 22
2 2 33
2 7 43
2 11 20
2 45 10
3 9 29
3 19 18
3 19 23
3 43 27
4 5 4
4 9 32
4 28 36
4 38 25
5 0 45
5 8 14
5 31 46
5 35 36
6 0 11
6 2 16
6 3 13
6 26 30
7 12 7
7 14 9
7 30 22
7 47 12
8 8 3
8 19 0
8 24 30
8 46 4
9 15 40
9 29 25
9 34 47
9 38 30
10 6 11
10 33 22
10 37 8
10 43 23
11 16 29
11 36 40
11 42 6
11 46 44
12 5 40
12 9 33
12 11 1
12 40 8
13 18 36
13 20 16
13 26 17
13 26 34
14 7 38
14 11 24
14 35 26
14 47 19
15 20 24
15 29 21
15 37 24
15 38 3
16 17 38
16 21 34
16 25 32
16 37 14
17 11 10
17 12 2
17 12 34
17 42 20
18 2 8
18 15 14
18 21 20
18 22 4
19 1 29
19 17 17
19 23 34
19 42 28
20 1 9
20 6 37
20 13 20
20 20 43
21 4 33
21 6 25
21 22 5
21 44 46
22 3 35
22 29 39
22 33 21
22 43 5
23 28 26
23 32 13
23 39 28
23 41 13
24 4 42
24 10 46
24 13 9
24 39 3
25 3 23
25 4 23
25 20 35
25 30 8
26 16 27
26 18 42
26 30 19
26 31 47
27 22 31
27 23 39
27 41 47
27 43 15
28 24 21
28 25 1
28 26 41
28 31 0
29 18 15
29 19 41
29 23 37
29 27 9
30 21 16
30 27 14
30 39 31
30 47 33
31 15 37
31 24 45
31 41 25
31 44 18
32 0 31
32 18 10
32 44 7
32 45 42
33 7 38
33 17 43
33 27 45
33 36 46
34 29 15
34 35 15
34 39 19
34 40 31
35 1 12
35 33 41
35 37 17
35 40 12
36 23 44
36 36 0
36 42 38
36 46 27
37 6 27
37 16 7
37 22 28
37 34 36
38 13 32
38 27 13
38 32 26
38 46 1
39 24 21
39 25 44
39 32 6
39 38 5
40 21 42
40 28 22
40 30 7
40 45 4
41 10 12
41 17 39
41 28 18
41 35 2
42 2 24
42 13 0
42 31 40
42 34 16
43 7 11
43 9 2
43 12 47
43 34 18
44 0 5
44 16 6
44 25 32
44 45 2
45 4 41
45 10 6
45 14 11
45 47 39
46 8 17
46 14 45
46 32 37
46 36 35
47 1 10
47 5 29
47 8 26
47 10 35
