0 0 4
0 25 47
0 27 7
0 47 44
1 2 25
1 31 46
1 42 5
1 47 38
2 5 38
2 11 9
2 31 33
2 39 43
3 17 15
3 28 16
3 29 7
3 37 34
4 3 20
4 11 26
4 30 13
4 40 20
5 13 41
5 22 28
5 23 4
5 45 25
6 10 37
6 19 43
6 29 15
6 34 6
7 13 13
7 22 17
7 25 15
7 44 23
8 10 12
8 16 6
8 16 10
8 20 27
9 6 11
9 24 33
9 38 40
9 43 31
10 4 8
10 35 29
10 43 37
10 45 12
11 12 2
11 19 45
11 26 7
11 26 11
12 9 41
12 24 44
12 25 5
12 36 21
13 9 28
13 12 28
13 40 45
13 45 1
14 13 4
14 14 42
14 28 35
14 32 9
15 20 9
15 21 33
15 22 19
15 24 14
16 9 6
16 11 14
16 23 11
16 47 3
17 1 3
17 3 46
17 18 25
17 45 1
18 7 39
18 10 28
18 12 43
18 18 25
19 5 18
19 18 18
19 44 7
19 46 39
20 2 17
20 4 36
20 30 10
20 47 44
21 0 12
21 8 18
21 18 17
21 39 10
22 4 35
22 28 40
22 31 5
22 34 37
23 9 15
23 33 16
23 35 35
23 37 0
24 13 23
24 23 47
24 28 30
24 40 17
25 5 36
25 6 34
25 10 21
25 29 41
26 1 22
26 2 24
26 7 46
26 29 47
27 5 38
27 36 43
27 42 42
27 46 13
28 17 38
28 27 0
28 42 30
28 46 31
29 3 32
29 20 29
29 25 23
29 44 6
30 6 8
30 31 1
30 33 11
30 33 45
31 0 29
31 14 23
31 32 21
31 41 14
32 19 41
32 21 27
32 22 19
32 36 14
33 12 39
33 38 32
33 41 3
33 41 34
34 14 34
34 15 8
34 30 24
34 35 30
35 6 0
35 16 22
35 32 24
35 43 22
36 16 46
36 17 1
36 27 12
36 41 36
37 0 24
37 8 39
37 11 9
37 35 20
38 4 32
38 20 45
38 21 10
38 21 37
39 7 20
39 15 2
39 37 26
39 46 26
40 17 42
40 24 0
40 39 31
40 40 19
41 3 42
41 14 36
41 30 40
41 44 21
42 26 32
42 32 44
42 38 27
42 39 35
43 19 18
43 23 16
43 34 5
43 38 47
44 2 33
44 8 13
44 8 26
44 33 2
45 1 30
45 7 16
45 34 31
45 43 40
46 26 27
46 36 22
46 37 8
46 42 4
47 1 29
47 15 2
47 15 3
47 27 19
