0 21 14
0 22 14
0 22 38
0 40 58
1 3 51
1 6 43
1 12 46
1 33 34
2 28 16
2 42 61
2 52 53
2 62 60
3 3 36
3 45 15
3 56 16
3 59 35
4 19 13
4 27 8
4 43 15
4 48 27
5 0 45
5 5 55
5 18 55
5 62 63
6 15 22
6 19 11
6 32 12
6 60 3
7 15 47
7 41 47
7 58 7
7 58 17
8 2 4
8 17 3
8 17 7
8 34 42
9 3 24
9 13 11
9 14 12
9 33 51
10 10 8
10 10 34
10 45 27
10 56 58
11 8 29
11 9 10
11 28 0
11 35 3
12 16 22
12 23 60
12 29 40
12 49 19
13 26 8
13 36 37
13 40 32
13 63 62
14 5 50
14 25 48
14 46 17
14 59 30
15 9 24
15 20 36
15 49 40
15 57 54
16 9 13
16 23 46
16 33 5
16 44 63
17 5 43
17 9 18
17 18 0
17 31 57
18 4 31
18 37 5
18 57 30
18 62 7
19 10 29
19 11 16
19 35 33
19 52 29
20 19 44
20 47 21
20 52 3
20 54 26
21 2 13
21 40 41
21 44 21
21 61 41
22 7 57
22 15 20
22 25 40
22 47 33
23 7 56
23 14 10
23 39 12
23 63 28
24 8 4
24 15 53
24 24 52
24 56 44
25 30 19
25 50 45
25 55 23
25 57 62
26 8 58
26 24 23
26 32 19
26 38 0
27 23 27
27 26 45
27 26 52
27 42 63
28 11 56
28 44 52
28 49 22
28 58 39
29 33 1
29 43 9
29 43 28
29 48 31
30 21 39
30 27 61
30 29 25
30 60 62
31 12 49
31 37 20
31 45 52
31 51 59
32 4 54
32 19 43
32 42 1
32 53 48
33 2 47
33 17 29
33 34 59
33 39 19
34 11 41
34 16 37
34 35 50
34 61 60
35 5 51
35 46 49
35 58 34
35 63 36
36 20 33
36 21 41
36 22 44
36 41 42
37 8 18
37 30 38
37 56 33
37 61 10
38 11 48
38 34 11
38 37 6
38 60 23
39 14 34
39 14 57
39 46 63
39 61 42
40 1 59
40 16 53
40 55 5
40 63 28
41 7 20
41 10 44
41 38 53
41 53 5
42 0 45
42 29 28
42 29 32
42 47 14
43 21 10
43 38 43
43 50 61
43 52 6
44 25 36
44 27 35
44 45 2
44 48 9
45 39 9
45 39 55
45 50 23
45 53 30
46 1 11
46 4 31
46 20 54
46 47 25
47 1 62
47 34 49
47 49 22
47 55 42
48 0 14
48 6 26
48 51 48
48 54 39
49 13 60
49 25 18
49 32 7
49 51 1
50 18 21
50 24 47
50 28 0
50 53 27
51 22 38
51 24 8
51 41 15
51 59 40
52 30 30
52 31 13
52 38 1
52 42 9
53 26 32
53 28 2
53 46 56
53 62 50
54 18 46
54 31 24
54 32 46
54 59 58
55 12 4
55 12 57
55 31 61
55 50 59
56 0 55
56 7 25
56 35 6
56 37 26
57 1 35
57 16 32
57 27 2
57 36 16
58 2 17
58 4 54
58 23 12
58 57 20
59 20 4
59 43 6
59 48 31
59 55 50
60 30 26
60 36 49
60 41 25
60 51 56
61 3 21
61 13 15
61 13 35
61 54 37
62 6 37
62 6 51
62 36 18
62 60 24
63 17 38
63 40 2
63 44 17
63 54 39
