0 13 84
0 17 69
0 44 27
0 61 19
1 30 90
1 42 92
1 44 95
1 47 34
2 10 33
2 25 20
2 56 59
2 58 28
3 23 12
3 51 18
3 67 25
3 79 11
4 4 32
4 14 32
4 50 47
4 60 54
5 7 94
5 14 49
5 33 68
5 51 10
6 16 13
6 33 75
6 53 67
6 61 7
7 9 12
7 54 61
7 62 44
7 77 22
8 2 74
8 36 6
8 72 35
8 78 3
9 11 44
9 52 30
9 66 61
9 77 24
10 8 91
10 23 82
10 56 23
10 90 33
11 15 4
11 45 6
11 70 18
11 94 50
12 58 38
12 86 6
12 93 79
12 95 23
13 1 67
13 8 36
13 47 36
13 58 37
14 12 49
14 24 76
14 81 60
14 89 45
15 20 30
15 64 24
15 72 24
15 82 1
16 42 12
16 53 82
16 63 20
16 74 19
17 46 73
17 53 91
17 71 10
17 92 71
18 2 2
18 20 56
18 21 56
18 93 38
19 4 13
19 71 75
19 90 31
19 95 53
20 19 48
20 29 77
20 44 20
20 62 88
21 5 67
21 16 93
21 43 3
21 49 8
22 34 24
22 59 42
22 65 84
22 76 42
23 3 63
23 5 65
23 73 80
23 74 74
24 30 53
24 36 5
24 36 42
24 72 53
25 23 8
25 60 83
25 65 25
25 78 60
26 39 90
26 46 27
26 63 40
26 83 77
27 3 5
27 28 27
27 52 90
27 91 55
28 19 3
28 25 75
28 81 41
28 89 52
29 24 65
29 38 9
29 46 8
29 48 93
30 6 34
30 55 9
30 56 80
30 76 31
31 24 29
31 25 63
31 55 33
31 74 19
32 37 80
32 44 13
32 49 58
32 91 87
33 7 19
33 20 36
33 43 59
33 59 43
34 26 78
34 40 89
34 42 15
34 94 10
35 19 17
35 31 46
35 61 23
35 64 16
36 9 92
36 22 22
36 42 63
36 84 60
37 30 4
37 39 28
37 45 68
37 84 94
38 63 78
38 66 87
38 76 83
38 83 38
39 22 76
39 51 15
39 57 62
39 92 85
40 18 90
40 21 4
40 68 12
40 84 11
41 0 39
41 7 2
41 22 51
41 75 17
42 12 55
42 19 70
42 50 75
42 65 86
43 24 26
43 52 81
43 73 47
43 85 45
44 11 5
44 53 78
44 59 9
44 87 26
45 6 48
45 32 66
45 48 66
45 87 94
46 9 86
46 41 37
46 77 30
46 87 91
47 17 54
47 18 1
47 45 39
47 58 35
48 4 79
48 61 0
48 85 11
48 91 64
49 13 18
49 29 58
49 68 40
49 81 85
50 18 14
50 54 15
50 59 2
50 74 41
51 13 50
51 75 14
51 75 92
51 92 40
52 1 46
52 37 6
52 38 15
52 87 38
53 40 56
53 80 88
53 93 61
53 95 40
54 15 82
54 43 95
54 70 31
54 75 29
55 1 4
55 35 7
55 68 28
55 79 57
56 0 92
56 22 50
56 64 41
56 66 47
57 8 36
57 14 39
57 28 72
57 51 89
58 33 44
58 35 59
58 37 20
58 70 81
59 31 81
59 36 57
59 88 69
59 90 88
60 0 37
60 26 23
60 34 64
60 88 78
61 6 0
61 10 79
61 65 74
61 90 22
62 21 31
62 47 55
62 47 60
62 67 72
63 28 83
63 71 10
63 80 29
63 89 95
64 31 51
64 38 11
64 70 62
64 78 28
65 35 54
65 40 22
65 54 52
65 81 72
66 9 71
66 27 94
66 37 49
66 85 51
67 39 84
67 41 83
67 71 84
67 86 91
68 1 46
68 5 35
68 6 85
68 52 85
69 27 16
69 68 46
69 69 61
69 82 80
70 16 18
70 49 72
70 79 79
70 94 7
71 2 54
71 15 67
71 29 16
71 38 48
72 7 9
72 27 57
72 43 17
72 82 26
73 40 71
73 62 21
73 73 45
73 85 52
74 13 66
74 16 39
74 41 5
74 76 7
75 29 16
75 57 2
75 73 41
75 82 52
76 11 73
76 34 86
76 41 66
76 92 13
77 3 70
77 21 89
77 35 53
77 89 49
78 0 0
78 10 3
78 50 59
78 67 74
79 46 62
79 55 25
79 77 77
79 83 17
80 31 33
80 48 65
80 55 89
80 88 62
81 25 21
81 30 76
81 49 34
81 66 77
82 3 58
82 39 43
82 56 81
82 80 30
83 26 50
83 62 45
83 86 35
83 94 37
84 12 73
84 69 14
84 78 0
84 91 1
85 17 71
85 23 58
85 26 44
85 54 86
86 10 26
86 33 68
86 48 65
86 86 43
87 34 88
87 45 56
87 64 47
87 83 51
88 12 48
88 57 32
88 60 93
88 84 69
89 20 64
89 57 70
89 60 95
89 80 82
90 4 76
90 32 14
90 63 69
90 88 70
91 11 63
91 15 25
91 18 42
91 69 55
92 32 1
92 50 34
92 67 73
92 79 57
93 5 87
93 8 29
93 27 87
93 95 27
94 28 68
94 32 8
94 72 64
94 93 93
95 2 21
95 14 32
95 17 21
95 69 43
