0 3 5
0 13 54
0 32 22
0 58 38
1 3 33
1 8 3
1 8 18
1 21 12
2 16 56
2 29 62
2 31 63
2 39 59
3 13 15
3 20 2
3 49 7
3 56 36
4 4 28
4 10 43
4 15 40
4 28 9
5 21 40
5 44 46
5 49 3
5 55 25
6 9 43
6 20 49
6 43 48
6 45 0
7 4 32
7 18 13
7 45 50
7 54 6
8 6 30
8 30 4
8 36 28
8 58 10
9 6 46
9 14 58
9 35 11
9 40 23
10 5 50
10 22 27
10 48 24
10 53 52
11 20 19
11 27 51
11 34 7
11 35 49
12 14 24
12 27 8
12 30 63
12 47 56
13 2 19
13 26 18
13 32 47
13 59 18
14 8 37
14 13 43
14 17 35
14 18 49
15 11 8
15 22 37
15 37 58
15 51 19
16 34 7
16 41 21
16 44 38
16 52 9
17 4 1
17 14 14
17 34 26
17 53 12
18 15 48
18 31 3
18 39 31
18 61 26
19 0 15
19 45 28
19 49 34
19 54 20
20 24 0
20 25 25
20 50 60
20 56 55
21 0 39
21 12 7
21 24 20
21 41 33
22 12 41
22 33 2
22 47 60
22 57 21
23 6 20
23 25 24
23 50 59
23 63 44
24 9 55
24 19 38
24 26 21
24 49 34
25 0 13
25 19 56
25 36 11
25 59 60
26 2 59
26 7 12
26 42 38
26 61 16
27 17 13
27 33 25
27 38 36
27 52 57
28 14 12
28 27 57
28 46 54
28 50 6
29 12 23
29 35 24
29 35 62
29 38 61
30 36 48
30 44 35
30 48 11
30 57 9
31 5 46
31 20 26
31 29 4
31 31 0
32 21 17
32 29 34
32 31 61
32 63 5
33 18 27
33 23 1
33 41 5
33 46 58
34 1 52
34 3 63
34 39 40
34 55 39
35 22 23
35 26 53
35 28 16
35 48 62
36 16 17
36 17 19
36 55 41
36 58 57
37 12 10
37 40 37
37 41 30
37 42 50
38 9 5
38 17 21
38 28 55
38 43 14
39 30 44
39 34 10
39 40 25
39 59 55
40 3 37
40 52 4
40 60 20
40 62 51
41 32 14
41 32 47
41 37 28
41 61 52
42 24 47
42 25 54
42 54 26
42 62 42
43 0 15
43 11 34
43 19 53
43 40 61
44 24 31
44 27 35
44 33 54
44 47 33
45 38 59
45 44 57
45 58 36
45 60 45
46 1 22
46 10 32
46 18 17
46 43 63
47 8 14
47 37 48
47 51 4
47 52 23
48 2 60
48 16 40
48 28 13
48 39 9
49 7 29
49 56 42
49 60 45
49 61 29
50 9 29
50 13 22
50 53 6
50 60 22
51 1 18
51 38 50
51 46 11
51 46 52
52 2 10
52 16 53
52 23 31
52 36 36
53 19 32
53 30 45
53 48 32
53 57 58
54 4 2
54 50 16
54 51 46
54 54 56
55 22 30
55 42 2
55 42 17
55 63 16
56 5 3
56 51 31
56 55 27
56 63 49
57 1 42
57 11 30
57 25 43
57 47 15
58 10 33
58 15 61
58 37 42
58 43 8
59 15 35
59 33 39
59 45 0
59 53 41
60 11 44
60 23 29
60 29 8
60 59 1
61 10 39
61 26 6
61 62 1
61 62 47
62 5 45
62 23 41
62 56 44
62 57 51
63 6 27
63 7 51
63 7 53
63 21 62
