0 14 127
0 15 109
0 32 39
0 117 20
1 46 43
1 58 11
1 94 36
1 106 43
2 44 90
2 71 66
2 83 15
2 96 27
3 28 16
3 36 85
3 68 14
3 74 83
4 18 117
4 46 63
4 95 15
4 112 85
5 39 112
5 52 65
5 104 8
5 113 55
6 8 6
6 16 70
6 84 99
6 99 9
7 1 76
7 17 125
7 24 100
7 57 80
8 4 118
8 70 5
8 93 7
8 104 101
9 51 95
9 59 93
9 77 61
9 94 77
10 86 62
10 99 77
10 105 47
10 113 63
11 76 123
11 86 82
11 111 126
11 120 126
12 44 75
12 94 19
12 115 95
12 116 105
13 11 105
13 15 16
13 118 106
13 122 116
14 60 29
14 79 60
14 87 17
14 109 53
15 14 28
15 22 98
15 37 66
15 80 36
16 18 4
16 38 5
16 79 13
16 100 92
17 45 122
17 49 42
17 102 95
17 124 18
18 7 30
18 12 83
18 82 54
18 104 78
19 0 58
19 16 101
19 71 81
19 84 78
20 14 54
20 21 107
20 67 107
20 101 2
21 41 110
21 72 98
21 74 21
21 76 70
22 1 23
22 20 40
22 41 117
22 108 101
23 38 90
23 69 109
23 79 56
23 122 46
24 1 24
24 43 13
24 92 89
24 105 92
25 3 59
25 19 30
25 61 114
25 78 6
26 41 80
26 42 93
26 65 111
26 110 80
27 4 115
27 33 61
27 55 31
27 86 73
28 22 117
28 31 71
28 48 94
28 69 76
29 9 84
29 87 107
29 98 34
29 98 59
30 19 66
30 23 107
30 39 124
30 110 8
31 0 113
31 36 115
31 52 75
31 125 51
32 13 96
32 40 52
32 88 54
32 109 125
33 7 79
33 74 47
33 102 23
33 106 77
34 6 104
34 50 94
34 58 47
34 91 65
35 25 99
35 76 19
35 106 58
35 107 51
36 19 12
36 29 85
36 33 105
36 115 28
37 10 33
37 23 34
37 34 10
37 56 106
38 6 48
38 10 19
38 49 26
38 77 87
39 53 45
39 59 71
39 90 88
39 91 54
40 18 68
40 60 111
40 91 86
40 96 59
41 5 113
41 23 44
41 95 123
41 108 53
42 45 28
42 66 56
42 85 29
42 96 116
43 25 12
43 43 89
43 76 56
43 112 20
44 16 65
44 35 88
44 80 100
44 124 108
45 31 38
45 80 44
45 92 6
45 101 90
46 11 119
46 35 9
46 107 81
46 120 40
47 46 79
47 52 111
47 66 49
47 107 30
48 55 68
48 57 22
48 61 64
48 112 65
49 13 35
49 60 22
49 68 122
49 125 91
50 27 86
50 37 52
50 47 27
50 58 117
51 10 50
51 69 48
51 90 38
51 108 52
52 30 13
52 39 18
52 46 37
52 111 121
53 7 0
53 63 78
53 99 81
53 126 97
54 4 71
54 24 7
54 80 75
54 116 122
55 25 87
55 36 113
55 116 125
55 119 87
56 17 60
56 32 99
56 53 110
56 121 6
57 9 91
57 65 16
57 97 43
57 117 41
58 15 66
58 31 12
58 50 62
58 57 46
59 48 17
59 81 50
59 114 50
59 121 55
60 54 97
60 68 26
60 119 89
60 126 125
61 4 17
61 5 105
61 18 126
61 27 21
62 19 24
62 66 104
62 85 64
62 125 4
63 24 39
63 40 118
63 59 102
63 84 115
64 73 89
64 85 102
64 103 67
64 123 44
65 3 73
65 64 82
65 103 98
65 117 2
66 31 113
66 42 60
66 82 28
66 94 119
67 38 84
67 70 114
67 120 63
67 127 72
68 28 94
68 39 122
68 73 41
68 95 86
69 23 115
69 26 41
69 93 24
69 122 96
70 14 12
70 33 11
70 111 106
70 116 120
71 20 124
71 53 83
71 61 55
71 102 42
72 22 15
72 47 114
72 99 121
72 103 103
73 37 67
73 47 38
73 65 55
73 103 35
74 9 103
74 32 74
74 58 93
74 79 109
75 6 90
75 50 84
75 82 20
75 113 112
76 29 67
76 42 97
76 78 21
76 118 47
77 44 8
77 96 41
77 105 64
77 114 88
78 92 68
78 97 5
78 100 9
78 104 37
79 70 112
79 71 17
79 83 4
79 90 94
80 81 49
80 98 93
80 119 96
80 124 37
81 21 29
81 52 101
81 56 108
81 109 38
82 6 123
82 28 14
82 89 1
82 101 43
83 10 82
83 61 72
83 67 34
83 71 110
84 5 73
84 63 92
84 91 31
84 120 16
85 8 83
85 54 35
85 93 116
85 124 32
86 27 1
86 30 13
86 30 102
86 47 48
87 28 108
87 89 123
87 112 72
87 114 57
88 1 2
88 62 11
88 81 91
88 127 7
89 68 35
89 69 10
89 87 49
89 89 69
90 9 85
90 56 73
90 87 127
90 115 9
91 44 46
91 83 110
91 93 86
91 113 18
92 2 4
92 64 15
92 70 31
92 121 103
93 40 53
93 42 108
93 48 25
93 109 32
94 30 3
94 40 98
94 67 62
94 126 39
95 13 11
95 97 19
95 119 45
95 123 26
96 0 112
96 34 103
96 67 82
96 75 23
97 26 97
97 27 23
97 29 74
97 121 21
98 29 57
98 38 20
98 54 33
98 92 120
99 11 87
99 43 45
99 77 51
99 127 22
100 17 84
100 35 25
100 78 32
100 117 81
101 22 96
101 89 29
101 100 60
101 105 124
102 0 3
102 51 118
102 72 88
102 81 121
103 51 120
103 72 39
103 98 76
103 110 69
104 11 40
104 25 99
104 118 58
104 126 34
105 20 79
105 35 25
105 77 42
105 88 61
106 20 0
106 55 78
106 111 124
106 122 69
107 36 27
107 49 100
107 90 102
107 110 18
108 16 36
108 51 32
108 64 1
108 106 79
109 3 69
109 75 22
109 78 14
109 125 5
110 2 10
110 17 26
110 41 58
110 62 68
111 2 120
111 12 0
111 56 119
111 74 33
112 26 44
112 45 106
112 84 14
112 118 116
113 64 114
113 88 126
113 100 53
113 115 75
114 7 77
114 37 8
114 45 63
114 48 45
115 8 42
115 49 51
115 83 104
115 127 80
116 54 33
116 60 62
116 73 3
116 85 119
117 13 50
117 53 2
117 57 52
117 75 91
118 63 57
118 82 74
118 95 57
118 123 64
119 12 27
119 24 40
119 63 25
119 101 56
120 3 67
120 15 70
120 75 76
120 123 49
121 32 72
121 34 74
121 55 92
121 62 24
122 5 70
122 8 46
122 33 0
122 114 37
123 21 127
123 65 127
123 86 118
123 97 111
124 43 95
124 59 36
124 73 100
124 102 61
125 21 104
125 26 1
125 107 48
125 108 7
126 12 3
126 50 31
126 62 30
126 72 121
127 2 71
127 34 109
127 66 59
127 88 10
