8 0 1 3 4 9 10 12 13
12 0 1 3 4 11 14 15 16 20 23 24 25
5 0 1 3 4 17
8 0 1 3 4 18 19 21 22
5 0 1 3 4 26
12 0 1 5 8 9 10 14 17 21 22 24 25
6 0 1 5 8 11 20
8 0 1 5 8 12 13 15 16
8 0 1 5 8 18 19 23 26
8 0 1 6 7 9 10 15 16
8 0 1 6 7 11 17 20 26
6 0 1 6 7 12 13
9 0 1 6 7 14 18 19 24 25
6 0 1 6 7 21 22
5 0 1 6 7 23
5 0 1 9 10 23
5 0 1 9 10 26
8 0 1 11 12 13 20 21 22
5 0 1 12 13 17
6 0 1 12 13 18 19
5 0 1 12 13 23
6 0 1 15 16 18 19
6 0 1 15 16 21 22
5 0 1 15 16 26
5 0 1 17 18 19
5 0 1 21 22 26
8 0 2 3 5 9 11 12 14
6 0 2 3 5 10 13
8 0 2 3 5 15 17 24 26
9 0 2 3 5 16 18 20 21 23
6 0 2 3 5 19 22
5 0 2 3 5 25
6 0 2 4 9 11 13
8 0 2 4 12 14 18 20 22
5 0 2 4 15 17
6 0 2 4 16 24 26
5 0 2 4 21 23
9 0 2 6 8 9 11 15 17 22
8 0 2 6 8 10 12 14 16
5 0 2 6 8 13
8 0 2 6 8 18 20 24 26
8 0 2 6 8 19 21 23 25
6 0 2 7 9 11 16
5 0 2 7 12 14
8 0 2 7 15 17 18 20 25
5 0 2 7 21 23
5 0 2 7 24 26
8 0 2 9 11 21 23 24 26
5 0 2 9 11 25
5 0 2 10 15 17
5 0 2 10 21 23
6 0 2 10 22 24 26
6 0 2 12 14 15 17
5 0 2 12 14 19
6 0 2 12 14 21 23
5 0 2 13 15 17
5 0 2 13 18 20
5 0 2 13 21 23
5 0 2 15 17 19
6 0 2 15 17 21 23
5 0 2 19 24 26
12 0 3 7 8 9 12 16 17 19 20 22 23
8 0 3 7 8 10 11 13 14
6 0 3 7 8 15 24
8 0 3 7 8 18 21 25 26
5 0 3 9 12 25
5 0 3 9 12 26
8 0 3 10 13 15 19 22 24
5 0 3 10 13 17
6 0 3 10 13 18 21
5 0 3 10 13 25
6 0 3 11 14 18 21
6 0 3 11 14 19 22
5 0 3 11 14 26
5 0 3 17 18 21
5 0 3 19 22 26
8 0 4 5 9 13 14 19 20
5 0 4 5 10 11
5 0 4 5 12 21
6 0 4 5 16 17 24
6 0 4 5 18 22 23
5 0 4 5 25 26
6 0 4 6 9 13 15
8 0 4 6 10 16 18 22 24
5 0 4 6 11 17
6 0 4 6 14 20 26
5 0 4 6 19 25
8 0 4 7 9 13 16 21 24
5 0 4 7 10 19
5 0 4 7 12 15
6 0 4 7 14 17 20
6 0 4 7 18 22 25
5 0 4 7 23 26
5 0 4 9 13 23
5 0 4 9 13 25
5 0 4 10 15 21
5 0 4 10 17 23
5 0 4 11 12 19
5 0 4 11 18 22
5 0 4 12 17 25
5 0 4 14 20 21
5 0 4 15 18 22
5 0 4 16 19 24
6 0 5 6 9 14 15
5 0 5 6 10 16
8 0 5 6 11 17 18 23 24
5 0 5 6 19 25
5 0 5 6 20 26
6 0 5 7 9 14 16
5 0 5 7 10 12
7 0 5 7 11 15 19 21
6 0 5 7 17 20 24
6 0 5 7 18 23 25
5 0 5 9 14 26
5 0 5 10 18 23
5 0 5 11 16 22
5 0 5 12 18 23
5 0 5 12 20 22
5 0 5 13 17 24
5 0 5 13 18 23
5 0 5 15 18 23
5 0 5 15 20 25
5 0 5 17 19 24
8 0 6 9 15 19 20 25 26
5 0 6 9 15 23
6 0 6 10 11 16 17
6 0 6 10 16 19 25
5 0 6 10 16 21
5 0 6 11 12 17
5 0 6 11 13 17
6 0 6 11 17 19 25
5 0 6 11 17 21
5 0 6 12 19 25
6 0 6 12 20 22 26
5 0 6 13 18 24
5 0 6 13 19 25
5 0 6 20 21 26
5 0 7 9 16 26
5 0 7 10 18 25
5 0 7 10 22 24
5 0 7 11 18 25
5 0 7 11 23 24
5 0 7 12 18 25
5 0 7 13 17 20
5 0 7 13 18 25
5 0 7 14 15 22
5 0 7 17 20 21
5 0 8 10 14 15
6 0 8 10 14 18 26
6 0 8 10 14 19 23
5 0 8 11 12 16
5 0 8 11 18 26
6 0 8 11 19 23 24
5 0 8 11 21 25
6 0 8 12 16 18 26
6 0 8 12 16 21 25
5 0 8 13 19 23
5 0 8 13 21 25
5 0 8 15 18 26
5 0 8 15 19 23
6 0 8 15 20 21 25
6 0 9 19 20 21 24
5 0 10 11 12 15
6 0 10 11 22 23 24
5 0 10 11 25 26
5 0 10 12 19 21
5 0 10 12 23 25
5 0 10 17 19 26
5 0 11 13 23 24
6 0 12 15 20 22 25
5 0 12 15 23 26
5 0 12 17 21 26
5 0 13 14 16 17
5 0 13 14 22 23
5 0 13 15 20 25
5 0 13 16 22 25
5 0 14 16 19 21
5 0 14 17 23 26
5 0 16 17 25 26
5 0 22 23 25 26
6 1 2 3 6 9 18
12 1 2 3 6 10 11 12 15 22 23 25 26
8 1 2 3 6 13 14 16 17
8 1 2 3 6 19 20 21 24
12 1 2 4 5 9 12 16 17 18 21 25 26
8 1 2 4 5 10 11 13 14
5 1 2 4 5 15
8 1 2 4 5 19 20 22 23
5 1 2 4 5 24
8 1 2 7 8 9 15 18 24
8 1 2 7 8 10 11 16 17
9 1 2 7 8 12 19 20 25 26
6 1 2 7 8 13 14
5 1 2 7 8 21
6 1 2 7 8 22 23
8 1 2 9 13 14 18 22 23
5 1 2 10 11 21
5 1 2 10 11 24
5 1 2 13 14 15
6 1 2 13 14 19 20
5 1 2 13 14 21
5 1 2 15 19 20
6 1 2 16 17 19 20
6 1 2 16 17 22 23
5 1 2 16 17 24
5 1 2 22 23 24
12 1 3 5 7 9 11 15 17 19 21 23 25
8 1 3 5 7 10 12 14 16
5 1 3 5 7 13
8 1 3 5 7 18 20 24 26
5 1 3 5 7 22
6 1 3 8 9 20 24
6 1 3 8 10 12 17
7 1 3 8 11 15 23 25
5 1 3 8 14 16
6 1 3 8 19 21 26
6 1 3 9 14 16 22
5 1 3 10 12 18
6 1 3 10 12 20 24
7 1 3 11 15 18 23 25
5 1 3 13 19 21
5 1 3 13 20 24
5 1 3 14 16 18
6 1 3 14 16 19 21
5 1 3 14 16 26
5 1 3 17 20 24
5 1 4 6 9 12
8 1 4 6 10 13 15 18 21
6 1 4 6 11 14 26
5 1 4 6 16 25
6 1 4 6 19 22 24
5 1 4 6 20 23
6 1 4 8 9 12 24
8 1 4 8 10 13 17 20 23
5 1 4 8 11 14
5 1 4 8 16 25
5 1 4 8 18 21
6 1 4 8 19 22 26
8 1 4 9 11 12 14 19 22
6 1 4 9 12 20 23
5 1 4 10 13 24
5 1 4 10 13 26
6 1 4 11 14 18 21
5 1 4 15 19 22
5 1 4 17 19 22
6 1 4 18 20 21 23
7 1 5 6 9 17 21 25
6 1 5 6 10 14 15
6 1 5 6 11 18 26
5 1 5 6 12 16
6 1 5 6 19 23 24
7 1 5 9 17 20 21 25
6 1 5 10 14 18 26
5 1 5 10 14 20
6 1 5 11 12 16 22
6 1 5 12 16 19 23
5 1 5 12 16 20
5 1 5 12 16 24
5 1 5 13 18 26
5 1 5 13 19 23
5 1 5 15 18 26
8 1 6 8 9 11 19 24 26
6 1 6 8 10 15 17
5 1 6 8 12 14
5 1 6 8 18 20
5 1 6 8 21 23
5 1 6 9 14 22
5 1 6 10 15 20
5 1 6 11 13 26
5 1 6 11 21 26
5 1 6 12 19 24
5 1 6 13 19 24
5 1 6 16 18 22
5 1 6 16 19 24
5 1 6 17 18 23
5 1 6 17 19 24
5 1 7 9 13 15
6 1 7 9 14 15 22
6 1 7 9 15 20 26
6 1 7 10 16 18 24
6 1 7 10 16 20 26
5 1 7 10 16 21
5 1 7 10 16 23
6 1 7 11 12 17 22
5 1 7 11 13 17
6 1 7 11 17 18 24
5 1 7 12 18 24
5 1 7 13 18 24
5 1 7 13 20 26
5 1 7 14 20 26
5 1 7 18 22 24
5 1 7 18 23 24
5 1 7 20 21 26
5 1 7 20 22 26
5 1 8 9 13 24
5 1 8 9 23 24
5 1 8 10 17 18
5 1 8 11 12 22
5 1 8 13 19 26
5 1 8 14 19 26
5 1 8 15 19 26
5 1 8 15 20 21
5 1 8 16 19 26
5 1 8 16 20 22
5 1 9 11 13 19
5 1 9 11 16 19
5 1 9 14 20 22
5 1 9 14 22 26
5 1 10 18 22 25
5 1 10 20 22 25
5 1 11 12 18 22
5 1 11 12 22 24
5 1 12 14 15 17
5 1 12 14 18 20
5 1 12 14 21 23
5 1 12 15 21 24
5 1 13 15 22 24
5 1 13 16 21 24
5 1 13 16 23 26
5 1 13 17 22 26
5 1 14 17 23 26
5 1 15 17 18 20
5 1 15 17 24 26
5 1 21 23 24 26
5 2 3 4 9 10
8 2 3 4 11 12 13 18 19
5 2 3 4 14 23
6 2 3 4 15 16 26
6 2 3 4 20 21 22
5 2 3 4 24 25
7 2 3 7 9 17 19 23
5 2 3 7 10 14
6 2 3 7 11 12 16
6 2 3 7 15 18 26
6 2 3 7 20 21 25
8 2 3 8 9 15 20 21 26
5 2 3 8 10 16
6 2 3 8 11 12 17
5 2 3 8 18 24
5 2 3 8 19 25
5 2 3 9 16 22
5 2 3 10 20 21
5 2 3 11 12 24
5 2 3 13 15 26
5 2 3 13 20 21
5 2 3 14 18 22
5 2 3 14 20 21
5 2 3 15 19 26
5 2 3 17 18 25
5 2 3 17 20 21
5 2 4 7 10 19
8 2 4 7 11 13 16 23 26
6 2 4 7 12 15 18
5 2 4 7 14 17
6 2 4 7 20 22 25
5 2 4 7 21 24
5 2 4 8 9 15
8 2 4 8 10 16 20 22 26
6 2 4 8 11 13 17
6 2 4 8 12 18 24
5 2 4 8 19 25
5 2 4 9 14 19
5 2 4 9 20 22
5 2 4 10 15 21
5 2 4 10 17 23
5 2 4 11 13 21
5 2 4 11 13 25
5 2 4 12 18 23
5 2 4 14 15 25
5 2 4 16 19 26
5 2 4 17 20 22
8 2 5 6 7 9 10 12 13
12 2 5 6 7 11 14 15 16 18 19 21 22
6 2 5 6 7 17 26
8 2 5 6 7 20 23 24 25
6 2 5 9 12 19 22
6 2 5 9 12 20 23
5 2 5 9 12 24
5 2 5 10 13 15
8 2 5 10 13 17 19 22 26
6 2 5 10 13 20 23
5 2 5 10 13 25
5 2 5 11 14 24
5 2 5 11 14 25
5 2 5 15 20 23
5 2 5 19 22 24
5 2 6 9 14 16
6 2 6 9 19 21 26
5 2 6 9 20 24
5 2 6 9 23 25
5 2 6 10 12 17
6 2 6 10 12 19 21
6 2 6 10 12 20 24
5 2 6 13 19 21
5 2 6 13 23 25
6 2 6 14 16 20 24
6 2 6 14 16 23 25
6 2 6 17 18 23 25
5 2 6 17 19 21
5 2 6 17 20 24
5 2 7 9 20 25
5 2 7 9 21 26
5 2 7 10 20 25
5 2 7 10 22 26
5 2 7 11 16 24
5 2 7 12 17 22
5 2 7 13 15 18
5 2 7 13 20 25
5 2 7 14 20 25
5 2 7 15 18 23
6 2 8 9 10 15 16
5 2 8 9 13 15
5 2 8 9 14 15
6 2 8 9 15 19 25
5 2 8 9 15 23
6 2 8 10 16 19 25
5 2 8 10 16 23
8 2 8 11 17 18 19 24 25
5 2 8 11 17 21
5 2 8 13 19 25
5 2 8 13 20 26
6 2 8 14 18 22 24
5 2 8 14 19 25
5 2 8 18 23 24
5 2 9 10 14 17
6 2 9 10 21 22 26
5 2 9 10 24 25
5 2 9 13 21 26
5 2 10 14 19 23
5 2 10 14 21 25
5 2 10 15 19 24
6 2 11 18 19 23 26
5 2 12 13 15 16
5 2 12 13 21 22
5 2 12 15 21 24
5 2 12 16 19 23
5 2 13 16 22 25
5 2 13 17 18 25
5 2 14 15 23 24
6 2 14 17 18 22 25
5 2 14 17 21 24
5 2 15 16 24 25
5 2 21 22 24 25
12 3 4 6 7 9 10 14 17 18 19 23 26
5 3 4 6 7 11
8 3 4 6 7 12 13 15 16
5 3 4 6 7 20
8 3 4 6 7 21 22 24 25
6 3 4 8 9 10 20
8 3 4 8 12 13 17 24 25
5 3 4 8 14 23
5 3 4 8 15 16
5 3 4 8 18 19
6 3 4 8 21 22 26
8 3 4 9 10 15 16 21 22
6 3 4 9 10 24 25
5 3 4 11 21 22
5 3 4 12 13 20
5 3 4 12 13 26
6 3 4 15 16 18 19
5 3 4 17 21 22
6 3 4 18 19 24 25
8 3 5 6 8 9 11 18 20
9 3 5 6 8 10 21 23 24 26
8 3 5 6 8 12 14 15 17
6 3 5 6 8 13 16
5 3 5 6 8 19
6 3 5 6 8 22 25
5 3 5 9 11 13
6 3 5 9 11 16 22
6 3 5 9 11 24 26
6 3 5 10 15 17 22
5 3 5 10 18 20
6 3 5 12 14 18 20
5 3 5 12 14 19
6 3 5 12 14 24 26
5 3 5 12 14 25
5 3 5 13 15 17
5 3 5 13 18 20
5 3 5 13 24 26
6 3 5 15 17 18 20
5 3 5 16 24 26
5 3 5 18 20 22
5 3 5 18 20 25
5 3 5 19 24 26
5 3 5 22 24 26
8 3 6 9 13 16 18 22 25
5 3 6 11 13 16
5 3 6 11 21 24
5 3 6 12 15 19
5 3 6 12 15 20
5 3 6 13 16 19
6 3 6 13 16 21 24
5 3 6 14 17 20
6 3 6 14 17 21 24
6 3 6 14 17 22 25
5 3 6 20 22 25
7 3 7 9 17 19 23 24
6 3 7 10 14 15 22
5 3 7 10 14 20
6 3 7 10 14 21 25
5 3 7 10 14 24
5 3 7 11 18 26
6 3 7 12 16 18 26
5 3 7 12 16 24
5 3 7 13 18 26
5 3 7 13 21 25
5 3 8 9 13 20
5 3 8 9 20 25
5 3 8 10 15 22
5 3 8 11 19 24
5 3 8 11 21 26
5 3 8 12 17 18
5 3 8 13 21 26
5 3 8 14 21 26
5 3 8 14 22 24
5 3 8 16 21 26
5 3 9 13 15 21
5 3 9 14 15 21
5 3 9 16 22 24
5 3 9 16 22 26
5 3 10 11 16 17
5 3 10 11 19 20
5 3 10 15 18 22
5 3 10 15 20 22
5 3 10 16 18 24
5 3 10 16 19 25
5 3 11 13 20 22
5 3 11 17 18 24
5 3 11 17 20 26
5 3 12 18 22 23
5 3 12 22 23 24
5 3 13 14 19 20
5 3 13 14 25 26
5 3 13 17 22 26
5 3 16 17 25 26
5 3 19 20 25 26
6 4 5 6 10 11 18
5 4 5 6 12 21
8 4 5 6 13 14 15 25 26
5 4 5 6 16 17
5 4 5 6 19 20
6 4 5 6 22 23 24
5 4 5 7 8 9
12 4 5 7 8 10 11 12 15 19 20 21 24
8 4 5 7 8 13 14 16 17
5 4 5 7 8 18
8 4 5 7 8 22 23 25 26
5 4 5 9 22 23
8 4 5 10 11 16 17 22 23
6 4 5 10 11 25 26
5 4 5 13 14 18
5 4 5 13 14 24
5 4 5 15 22 23
6 4 5 16 17 19 20
6 4 5 19 20 25 26
5 4 6 8 9 11
6 4 6 8 10 18 20
8 4 6 8 12 14 22 24 26
6 4 6 8 13 15 17
5 4 6 8 21 23
5 4 6 9 16 21
5 4 6 9 22 24
5 4 6 10 18 25
5 4 6 11 12 19
5 4 6 11 16 23
5 4 6 12 17 25
5 4 6 13 15 19
5 4 6 13 15 23
5 4 6 14 21 26
5 4 6 17 22 24
5 4 7 9 22 25
5 4 7 11 22 25
8 4 7 12 14 15 17 22 25
6 4 7 12 15 23 26
5 4 7 13 16 18
5 4 7 13 16 20
6 4 7 14 17 21 24
6 4 7 21 23 24 26
5 4 8 9 14 19
5 4 8 9 16 21
5 4 8 10 20 25
5 4 8 11 16 23
5 4 8 11 22 26
5 4 8 12 23 24
5 4 8 13 17 19
5 4 8 13 17 21
5 4 8 14 15 25
5 4 8 15 22 26
9 4 9 11 15 17 18 20 24 26
6 4 9 11 16 21 23
6 4 9 14 15 19 25
6 4 9 14 16 19 21
5 4 9 14 19 24
5 4 9 16 20 21
6 4 10 12 14 16 22
6 4 10 12 17 23 25
6 4 10 14 15 21 25
6 4 10 15 17 21 23
5 4 10 15 21 26
5 4 10 17 23 24
6 4 11 12 16 19 23
6 4 11 12 17 19 25
5 4 11 12 19 26
5 4 11 16 18 23
5 4 12 17 20 25
5 4 14 15 18 25
5 4 19 21 23 25
5 5 6 9 19 26
5 5 6 9 23 24
5 5 6 10 17 22
5 5 6 11 13 18
5 5 6 11 18 25
5 5 6 12 22 26
5 5 6 12 23 24
5 5 6 13 23 24
5 5 6 14 15 20
5 5 6 16 23 24
5 5 7 9 20 24
6 5 7 10 12 17 22
5 5 7 10 12 18
6 5 7 10 12 23 25
5 5 7 10 12 26
7 5 7 11 15 19 21 26
5 5 7 13 20 24
5 5 7 13 23 25
6 5 7 14 16 20 24
5 5 7 14 16 26
5 5 8 9 13 16
5 5 8 9 23 26
8 5 8 11 13 16 20 22 25
5 5 8 12 15 18
6 5 8 12 15 22 25
6 5 8 12 15 23 26
5 5 8 13 16 19
6 5 8 13 16 23 26
5 5 8 14 17 18
5 5 8 14 17 19
5 5 8 18 22 25
5 5 9 10 15 16
5 5 9 10 18 19
5 5 9 13 18 22
5 5 9 15 18 24
5 5 9 15 20 26
5 5 10 16 19 25
5 5 10 16 20 26
5 5 10 17 18 22
5 5 10 17 20 22
5 5 11 12 17 23
5 5 11 13 17 23
5 5 11 16 22 24
5 5 11 16 22 26
5 5 12 13 18 19
5 5 12 13 24 25
5 5 13 15 22 24
5 5 14 20 21 22
5 5 14 21 22 26
5 5 15 16 24 25
5 5 18 19 24 25
5 6 7 9 10 20
6 6 7 9 10 21 22
6 6 7 9 10 24 25
5 6 7 11 12 13
5 6 7 11 24 25
8 6 7 12 13 17 21 22 26
5 6 7 12 13 23
6 6 7 12 13 24 25
5 6 7 15 16 20
5 6 7 15 16 23
5 6 7 20 21 22
6 6 8 9 11 12 14
5 6 8 9 11 13
5 6 8 9 11 16
6 6 8 9 11 21 23
5 6 8 9 11 25
6 6 8 12 14 21 23
5 6 8 12 14 25
5 6 8 13 21 23
5 6 8 13 24 26
8 6 8 15 17 18 20 21 23
5 6 8 15 17 19
6 6 8 16 18 20 22
5 6 8 16 21 23
5 6 8 18 20 25
5 6 9 12 16 17
6 6 9 12 19 22 26
5 6 9 12 20 23
5 6 9 13 19 26
5 6 10 11 13 14
5 6 10 11 19 20
5 6 10 13 19 22
5 6 10 14 21 25
5 6 11 12 20 21
5 6 11 14 20 23
5 6 11 16 20 25
5 6 12 16 19 23
5 6 12 16 21 25
5 6 13 14 22 23
5 6 13 17 18 23
6 6 15 18 21 25 26
6 6 16 17 18 22 23
5 6 16 17 19 20
5 6 19 20 22 23
5 7 8 9 13 14
5 7 8 9 25 26
5 7 8 10 11 18
6 7 8 10 11 22 23
6 7 8 10 11 25 26
8 7 8 13 14 15 22 23 24
5 7 8 13 14 21
6 7 8 13 14 25 26
5 7 8 16 17 18
5 7 8 16 17 21
5 7 8 18 22 23
5 7 9 11 12 14
5 7 9 11 18 20
5 7 9 11 24 26
5 7 9 12 18 21
5 7 9 13 18 22
5 7 10 13 18 21
5 7 10 13 20 23
5 7 10 15 17 25
5 7 11 13 20 22
5 7 11 14 20 23
5 7 12 14 21 23
5 7 12 14 24 26
5 7 12 17 18 22
5 7 12 17 22 24
5 7 13 15 17 25
5 7 14 15 20 22
5 7 14 15 22 26
5 7 16 19 22 24
5 7 16 19 22 26
5 7 18 20 21 23
5 8 9 10 12 13
5 8 9 10 18 19
5 8 9 12 18 21
5 8 9 14 18 23
5 8 9 16 18 25
5 8 10 12 23 25
5 8 10 13 19 22
5 8 11 13 19 24
5 8 11 14 15 16
5 8 11 14 18 21
6 8 11 14 19 22 24
5 8 12 13 21 22
5 8 13 15 20 21
5 8 14 16 19 21
5 8 14 16 23 25
5 8 15 16 18 19
6 8 15 16 20 21 22
6 8 17 20 23 24 25
5 8 18 19 21 22
8 9 10 12 13 18 19 21 22
8 9 10 12 13 20 23 24 25
5 9 10 12 13 26
5 9 10 14 17 20
8 9 10 15 16 18 19 24 25
6 9 10 15 16 20 26
5 9 10 15 16 23
5 9 10 20 21 22
8 9 11 12 14 18 20 21 23
6 9 11 12 14 24 26
5 9 11 12 14 25
6 9 11 13 18 20 22
5 9 11 13 21 23
5 9 11 13 24 26
6 9 11 16 18 20 25
5 9 11 16 24 26
5 9 11 22 24 26
5 9 12 16 17 24
5 9 12 19 22 24
5 9 13 14 25 26
6 9 13 15 18 22 24
5 9 13 15 19 25
5 9 13 15 20 26
5 9 13 16 23 26
6 9 14 15 18 23 24
5 9 14 15 20 26
6 9 14 16 18 23 25
5 9 14 16 20 24
5 9 15 20 22 26
5 9 22 23 25 26
5 10 11 12 15 18
8 10 11 13 14 18 21 25 26
8 10 11 13 14 19 20 22 23
5 10 11 13 14 24
6 10 11 16 17 18 24
8 10 11 16 17 19 20 25 26
5 10 11 16 17 21
5 10 11 18 22 23
8 10 12 14 16 18 20 24 26
8 10 12 14 16 19 21 23 25
6 10 12 17 19 21 26
5 10 12 17 20 24
5 10 12 18 23 25
5 10 13 15 20 23
5 10 13 17 18 21
6 10 13 18 20 21 23
5 10 14 15 18 26
6 10 14 15 19 23 24
5 10 14 20 21 25
5 10 15 17 18 20
6 10 15 17 19 24 26
5 10 16 18 23 24
5 10 16 20 21 26
5 11 12 13 24 25
5 11 12 16 18 26
6 11 12 16 20 21 25
5 11 12 17 18 24
6 11 12 17 20 21 26
5 11 13 16 21 24
5 11 13 17 18 24
5 11 13 17 19 25
6 11 13 17 20 22 26
5 11 14 15 16 26
5 11 14 19 22 26
5 11 17 18 22 24
5 11 21 22 24 25
8 12 13 15 16 18 19 23 26
5 12 13 15 16 20
8 12 13 15 16 21 22 24 25
5 12 13 17 18 19
6 12 13 18 19 24 25
6 12 14 15 17 18 20
5 12 14 15 17 19
8 12 14 15 17 21 23 24 26
5 12 14 18 20 25
5 12 14 19 24 26
5 12 15 18 22 25
5 12 16 19 23 24
5 13 14 15 19 20
5 13 14 16 17 18
8 13 14 16 17 19 20 21 24
8 13 14 16 17 22 23 25 26
6 13 14 19 20 25 26
5 13 15 17 18 20
5 13 15 17 21 23
6 13 15 17 22 24 26
6 13 16 21 23 24 26
5 13 18 20 24 26
5 13 19 21 23 25
5 14 16 19 21 26
5 14 17 20 22 25
5 15 16 21 22 26
5 15 17 18 20 22
5 15 19 20 22 23
5 16 17 22 23 24
5 17 18 19 21 22
